Name,IF,IFDenseRank,IFMinRank
node,86080.3747637051,1.0,1.0
sensor,84973.93809073724,2.0,2.0
local,78253.6483931947,3.0,3.0
system,73550.06710775048,4.0,4.0
network,73490.58601134215,5.0,5.0
locat,71881.643194707,6.0,6.0
color,70858.53969754252,7.0,7.0
rang,68198.46739130435,8.0,8.0
deploy,67687.41209829866,9.0,9.0
figur,65993.6781663516,10.0,10.0
connect,65906.08601134215,11.0,11.0
algorithm,65695.33223062383,12.0,12.0
time,64843.93194706994,13.0,13.0
relax,63520.85349716446,14.0,14.0
accuraci,60684.40548204159,15.0,15.0
label,60677.731568998104,16.0,16.0
obtain,58864.914933837426,17.0,17.0
imag,58805.622873345936,18.0,18.0
techniqu,58292.87240075614,19.0,19.0
light,57981.706521739135,20.0,20.0
number,57060.60491493383,21.0,21.0
propos,56690.11247637051,22.0,22.0
stardust,56635.869092627596,23.0,23.0
distanc,56327.38468809074,24.0,24.0
process,56215.18241965974,25.0,25.0
radio,56085.51984877126,26.0,26.0
shown,55176.08223062382,27.0,27.0
section,55146.72164461247,28.0,28.0
base,54233.58175803402,29.0,29.0
inform,52666.993383742905,30.0,30.0
set,52573.17958412098,31.0,31.0
comput,52404.282608695656,32.0,32.0
devic,52084.2145557656,33.0,33.0
detect,51891.55009451796,34.0,34.0
compon,51838.523156899806,35.0,35.0
constraint,51770.583175803404,36.0,36.0
interest,51327.72306238185,37.0,37.0
uniqu,50722.48015122873,38.0,38.0
ft,50647.896975425334,39.0,39.0
result,50201.1606805293,40.0,40.0
assign,49969.35822306238,41.0,41.0
evalu,49835.16824196597,42.0,42.0
framework,49356.27272727273,43.0,43.0
function,49236.264650283556,44.0,44.0
low,48996.69187145558,45.0,45.0
space,48328.7079395085,46.0,46.0
requir,47827.60586011342,47.0,47.0
high,47792.50992438563,48.0,48.0
posit,46958.432892249526,49.0,49.0
probabl,46890.3961352657,50.0,50.0
present,46712.87240075614,51.0,51.0
perform,46510.03623188406,52.0,52.0
match,45834.396975425334,53.0,53.0
ccr,45671.30434782609,54.0,54.0
distribut,45326.47826086957,55.0,55.0
ni,44988.71172022684,56.0,56.0
map,44867.46975425331,57.0,57.0
atmospher,44459.60869565217,58.0,58.0
aerial,44196.107178968654,59.0,59.0
size,43879.06238185255,60.0,60.0
investig,43769.51465028355,61.0,61.0
scheme,43380.825075834175,62.0,62.0
larg,43136.14130434782,63.0,63.0
depict,42880.26473429952,64.0,64.0
model,42830.85255198488,65.0,65.0
support,42825.58847320526,66.0,66.0
achiev,42564.74887556222,67.0,67.0
design,42426.25652173914,68.0,68.0
filter,42369.99810964083,69.0,69.0
constrain,42337.00897920604,70.0,70.0
remark,41305.69416996048,71.0,71.0
capabl,40983.544065804934,72.0,72.0
neighbor,40944.54773156899,73.0,73.0
consist,40670.07886754297,74.0,74.0
reflect,40641.014492753624,75.0,75.0
implement,40496.44268774704,76.0,76.0
experiment,40470.36521739131,77.0,77.0
direct,40389.08385093168,78.0,78.0
estim,40285.603024574666,79.0,79.0
case,40263.9404536862,80.0,80.0
main,40110.4513457557,81.0,81.0
step,40094.99585921325,82.0,82.0
solut,40089.87577639752,83.0,83.0
architectur,40084.13144590496,84.0,84.0
anchor,40031.05072463768,85.0,85.0
iter,39933.10111223458,86.0,86.0
error,39706.51606805293,87.0,87.0
creat,39644.308555399715,88.0,88.0
observ,39397.16446124764,89.0,89.0
identifi,38996.169659735344,90.0,90.0
gener,38956.495652173915,91.0,91.0
pictur,38951.91304347826,92.0,92.0
assum,38882.51552795031,93.0,93.0
small,38862.28458498024,94.0,94.0
environ,38845.23741418764,95.0,95.0
durat,38806.42490118577,96.0,96.0
factor,38339.31225296443,97.0,97.0
equat,37983.28313891834,98.0,98.0
receiv,37930.65334900117,99.0,99.0
sourc,37753.67934782608,100.0,100.0
area,37543.712215320906,101.0,101.0
higher,37543.66109253066,102.0,102.0
scale,37514.309462915604,103.0,103.0
ipa,37290.115942028984,104.0,104.0
addit,37166.91965973535,105.0,105.0
central,37153.40217391304,106.0,106.0
commun,36984.480549199085,107.0,107.0
beacon,36704.036561264824,108.0,108.0
research,36678.1884057971,109.0,109.0
tabl,36654.55529300567,110.0,110.0
defin,36611.79584120983,111.0,111.0
power,36417.95217391304,112.0,112.0
show,36369.20413573701,113.0,113.0
hardwar,36291.310710498416,114.0,114.0
problem,36179.396076352066,115.0,115.0
combin,36006.98757763975,116.0,116.0
affect,35981.25,117.0,117.0
applic,35909.88157894737,118.0,118.0
report,35820.782608695656,119.0,119.0
beam,35756.46127717391,120.0,120.0
built,35681.26829268293,121.0,121.0
control,35624.71183013144,122.0,122.0
remain,35484.452279957586,123.0,123.0
spatial,35438.55279503105,124.0,124.0
ident,35395.43577075099,125.0,125.0
cost,35373.5552795031,126.0,126.0
scenario,35360.03790412486,127.0,127.0
strength,35266.69565217391,128.0,128.0
develop,35220.28661327231,129.0,129.0
form,35209.849802371544,130.0,130.0
target,35206.98807854137,131.0,131.0
employ,35178.62876254181,132.0,132.0
possibl,35121.95652173913,133.0,133.0
influenc,35090.90647118301,134.0,134.0
fals,34986.77536231884,135.0,135.0
emit,34802.823369565216,136.0,136.0
retroreflect,34654.16531850354,137.0,137.0
modul,34615.35207939508,138.0,138.0
feet,34291.54285714286,139.0,139.0
experi,34258.05662285136,140.0,140.0
drop,34244.22391304348,141.0,141.0
lumin,33957.50252780586,142.0,142.0
converg,33805.330434782605,143.0,143.0
standard,33722.48641304348,144.0,144.0
execut,33706.889413988654,145.0,145.0
optic,33674.32714740191,146.0,146.0
depend,33594.433172302735,147.0,147.0
global,33593.12743628185,148.0,148.0
address,33387.46059782609,149.0,149.0
contrast,33321.6599378882,150.0,150.0
accur,33273.03172737956,151.0,151.0
work,33202.68906455863,152.0,152.0
wsn,33188.128146453084,153.0,153.0
similar,33113.765625,154.0,154.0
increas,33112.50881316099,155.0,155.0
percentag,33100.28614762386,156.0,156.0
repres,32888.53768115942,157.0,157.0
object,32782.54891304347,158.0,158.0
camera,32575.36231884058,159.0,159.0
equip,32547.78681626928,160.0,160.0
condit,32546.513729977116,161.0,161.0
potenti,32424.366627497064,162.0,162.0
vehicl,32374.49241658241,163.0,163.0
determin,32324.422360248445,164.0,164.0
produc,32320.051529790657,165.0,165.0
densiti,32279.416996047432,166.0,166.0
initi,32278.94279176201,167.0,167.0
order,32217.377926421406,168.0,168.0
illumin,32200.557065217392,169.0,169.0
idea,32132.516304347824,170.0,170.0
period,32016.09782608696,171.0,171.0
provid,31774.544008483565,172.0,172.0
part,31731.177536231884,173.0,173.0
data,31712.406471183014,174.0,174.0
call,31567.467656415694,175.0,175.0
end,31476.754755434784,176.0,176.0
intens,31462.97142857143,177.0,177.0
success,31443.88405797101,178.0,178.0
releas,31423.594202898545,179.0,179.0
act,31258.56713554987,180.0,180.0
record,31210.709807886753,181.0,181.0
signal,30938.422705314006,182.0,182.0
retroreflector,30931.54137447405,183.0,183.0
structur,30918.515217391305,184.0,184.0
reason,30880.613712374587,185.0,185.0
import,30870.4625884732,186.0,186.0
track,30866.26726342711,187.0,187.0
infer,30761.35,188.0,188.0
militari,30727.062709030102,189.0,189.0
paramet,30716.456521739135,190.0,190.0
field,30446.95588235294,191.0,191.0
background,30309.470457079155,192.0,192.0
effect,30209.869565217396,193.0,193.0
ground,30194.476086956525,194.0,194.0
long,30061.15517241379,195.0,195.0
analysi,30001.297297297297,196.0,196.0
graph,29962.730769230773,197.0,197.0
challeng,29869.196182396605,198.0,198.0
simpl,29763.695121951223,199.0,199.0
transform,29721.43667296786,200.0,200.0
line,29701.815789473687,201.0,201.0
incom,29539.797101449276,202.0,202.0
selfright,29451.667080745337,203.0,203.0
neg,29344.875,204.0,204.0
extens,29271.231884057972,205.0,205.0
goal,29270.815217391304,206.0,206.0
specif,29168.051932367147,207.0,207.0
correctli,29131.440476190473,208.0,208.0
pair,28981.173913043476,209.0,209.0
realist,28970.92391304348,210.0,210.0
collect,28925.471014492752,211.0,211.0
recognit,28870.44908466819,212.0,212.0
solv,28750.89955022489,213.0,213.0
follow,28647.10448807854,214.0,214.0
edg,28586.103678929765,215.0,215.0
differ,28516.758893280632,216.0,216.0
feasibl,28513.341950646303,217.0,217.0
primit,28511.82608695652,218.0,218.0
propag,28449.0347826087,219.0,219.0
physic,28424.896551724138,220.0,220.0
highli,28339.77652173913,221.0,221.0
multipl,28284.207161125323,222.0,222.0
event,28234.75585284281,223.0,223.0
orient,28219.295454545456,224.0,224.0
futur,28198.117391304346,225.0,225.0
wireless,28171.139978791096,226.0,226.0
exist,28045.18953804348,227.0,227.0
millisecond,27986.19917743831,228.0,228.0
manner,27568.73993558776,229.0,229.0
paper,27565.170731707316,230.0,230.0
appar,27464.460547504026,231.0,231.0
white,27403.620471014492,232.0,232.0
larger,27386.54130434783,233.0,233.0
input,27242.59839816933,234.0,234.0
major,27135.601902173912,235.0,235.0
pose,27082.56695652174,236.0,236.0
grid,26994.23684210526,237.0,237.0
emitt,26954.69160768453,238.0,238.0
night,26931.01565217391,239.0,239.0
reach,26924.53162055336,240.0,240.0
understand,26869.523411371243,241.0,241.0
constraintbas,26764.336231884055,242.0,242.0
candid,26750.254180602005,243.0,243.0
point,26658.225000000002,244.0,244.0
interact,26623.259725400454,245.0,245.0
energi,26614.272534464475,246.0,246.0
centroid,26612.868357487925,247.0,247.0
real,26587.235836627144,248.0,248.0
build,26561.54347826087,249.0,249.0
metric,26392.55652173913,250.0,250.0
previous,26388.654244306417,251.0,251.0
equal,26198.36255259467,252.0,252.0
intuit,26190.536731634184,253.0,253.0
rangefre,26082.631379962193,254.0,254.0
plight,26064.14130434782,255.0,255.0
vari,26032.764130434778,256.0,256.0
fact,26007.652173913044,257.0,257.0
run,26005.433607520565,258.0,258.0
updat,25981.292596944775,259.0,259.0
nj,25975.565217391304,260.0,260.0
note,25945.310559006208,261.0,261.0
decid,25888.048418972336,262.0,262.0
limit,25881.268115942024,263.0,263.0
formul,25858.201086956524,264.0,264.0
sensorbal,25856.827262044655,265.0,265.0
perfect,25854.19565217391,266.0,266.0
rug,25797.77759197324,267.0,267.0
separ,25793.70531400966,268.0,268.0
predict,25789.59565217391,269.0,269.0
manufactur,25745.901534526853,270.0,270.0
relat,25628.167701863353,271.0,271.0
wind,25615.13304347826,272.0,272.0
probabilist,25581.361660079052,273.0,273.0
confid,25510.589894242068,274.0,274.0
coordin,25437.398865784497,275.0,275.0
pn,25425.291925465834,276.0,276.0
optim,25402.92753623188,277.0,277.0
implicitli,25399.487986270018,278.0,278.0
passiv,25358.195121951216,279.0,279.0
extrem,25338.54106280193,280.0,280.0
strobe,25293.85714285714,281.0,281.0
singl,25234.248188405796,282.0,282.0
spatialbas,25173.146086956524,283.0,283.0
enforc,24976.304347826088,284.0,284.0
describ,24860.210869565217,285.0,285.0
refer,24844.727379553467,286.0,286.0
matlab,24821.816686251466,287.0,287.0
averag,24801.636363636368,288.0,288.0
express,24795.012622720897,289.0,289.0
tempor,24765.339130434786,290.0,290.0
constitut,24699.99516908212,291.0,291.0
partit,24587.98316970547,292.0,292.0
leav,24576.47652173913,293.0,293.0
expect,24561.525946704067,294.0,294.0
recent,24517.043478260868,295.0,295.0
maintain,24494.605434782607,296.0,296.0
chosen,24479.03864734299,297.0,297.0
ieee,24458.087826086954,298.0,298.0
car,24431.88563327032,299.0,299.0
simplic,24376.663043478256,300.0,300.0
pnik,24374.8625146886,301.0,301.0
similarli,24307.977272727272,302.0,302.0
weight,24303.155279503102,303.0,303.0
measur,24225.350114416473,304.0,304.0
compar,24179.717391304348,305.0,305.0
inch,24150.326086956524,306.0,306.0
expens,23973.00782608696,307.0,307.0
back,23891.095108695645,308.0,308.0
benefit,23882.109531772574,309.0,309.0
assumpt,23837.75047258979,310.0,310.0
decreas,23757.377038043476,311.0,311.0
gather,23736.115942028988,312.0,312.0
knowledg,23724.75,313.0,313.0
valu,23631.64641943734,314.0,314.0
project,23573.788043478256,315.0,315.0
true,23562.303172737957,316.0,316.0
array,23545.760869565216,317.0,317.0
miss,23512.020460358057,318.0,318.0
due,23451.438735177864,319.0,319.0
outdoor,23405.652173913044,320.0,320.0
xy,23366.816425120775,321.0,321.0
comparison,23345.256916996048,322.0,322.0
empir,23239.24794359577,323.0,323.0
nb,23223.17391304348,324.0,324.0
demand,23207.758799171843,325.0,325.0
overhead,23184.179183135708,326.0,326.0
ultrasound,23164.661739130435,327.0,327.0
tradeoff,23105.822010869568,328.0,328.0
strong,23068.36956521739,329.0,329.0
phenomena,23061.101449275364,330.0,330.0
hover,22989.652173913044,331.0,331.0
indic,22912.62242562929,332.0,332.0
occur,22824.365817091453,333.0,333.0
defer,22748.297658862877,334.0,334.0
origin,22721.3143115942,335.0,335.0
type,22594.872670807454,336.0,336.0
degre,22549.230978260868,337.0,337.0
question,22509.074728260868,338.0,338.0
mention,22485.60064412238,339.0,339.0
impact,22448.246844319776,340.0,340.0
method,22433.043478260868,341.0,341.0
mirror,22377.154891304348,342.0,342.0
station,22339.74721941355,343.0,343.0
setup,22330.891891891893,344.0,344.0
improv,22297.287334593573,345.0,345.0
signific,22287.44347826087,346.0,346.0
suffici,22237.577759197324,347.0,347.0
assess,22199.694409937885,348.0,348.0
world,22130.2371541502,349.0,349.0
pixel,22128.016563146994,350.0,350.0
angl,22055.586384439357,351.0,351.0
complex,22047.823369565216,352.0,352.0
simpli,22039.197570332482,353.0,353.0
offlin,22037.94990548204,354.0,354.0
issu,21950.324476650567,355.0,355.0
nonlinear,21911.564347826086,356.0,356.0
upward,21898.513043478262,357.0,357.0
practic,21881.699792960662,358.0,358.0
cornercub,21868.159420289852,359.0,359.0
id,21803.044489383214,360.0,360.0
medium,21786.308300395256,361.0,361.0
close,21678.73913043478,362.0,362.0
focu,21640.427917620134,363.0,363.0
plastic,21592.03894927536,364.0,364.0
simul,21587.986270022884,365.0,365.0
problemat,21484.658385093167,366.0,366.0
prior,21469.92917251052,367.0,367.0
insid,21469.304347826084,368.0,368.0
dynam,21454.20594965675,369.0,369.0
character,21443.992753623184,370.0,370.0
qualiti,21330.215102974827,371.0,371.0
smaller,21304.8190743338,372.0,372.0
remov,21287.49163879599,373.0,373.0
appli,21134.0,374.0,374.0
scalabl,21114.508009153316,375.0,375.0
featur,21091.942028985504,376.0,376.0
sec,21089.557312252964,377.0,377.0
randomli,21052.510518934083,378.0,378.0
rayleigh,21048.033816425122,379.0,379.0
purpos,20879.28032036613,380.0,380.0
tdoa,20863.737391304345,381.0,381.0
sens,20826.012845849804,382.0,382.0
gp,20814.276521739128,383.0,383.0
least,20802.40217391304,384.0,384.0
classif,20768.478260869564,385.0,385.0
handl,20767.785326086956,386.0,386.0
grow,20747.032279314888,387.0,387.0
acquisit,20734.535469107548,388.0,388.0
random,20670.391304347828,389.0,389.0
critic,20583.59541062802,390.0,390.0
rssi,20499.241304347826,391.0,391.0
air,20437.03661327231,392.0,392.0
transceiv,20326.5,393.0,393.0
linearli,20274.234519104084,394.0,394.0
transfer,20273.033367037413,395.0,395.0
vision,20218.530892448507,396.0,396.0
constant,20099.173913043476,397.0,397.0
graphic,20078.687747035576,398.0,398.0
visibl,20018.233695652176,399.0,399.0
prohibit,19962.720355731224,400.0,400.0
dissemin,19954.273550724636,401.0,401.0
hybrid,19947.81206171108,402.0,402.0
hand,19888.985507246376,403.0,403.0
lighthous,19852.626811594204,404.0,404.0
narrow,19776.739130434784,405.0,405.0
prototyp,19695.430253623184,406.0,406.0
pdark,19656.78260869565,407.0,407.0
deriv,19634.95263975155,408.0,408.0
candlepow,19577.12044653349,409.0,409.0
million,19577.12044653349,409.0,409.0
surfac,19566.747826086958,410.0,411.0
correl,19532.333759590794,411.0,412.0
robust,19490.587544065806,412.0,413.0
conclus,19486.17674858223,413.0,414.0
forward,19468.923913043476,414.0,415.0
subsequ,19435.408466819223,415.0,416.0
reduc,19426.068840579712,416.0,417.0
flash,19406.33196239718,417.0,418.0
mobil,19385.955615942028,418.0,419.0
state,19380.789473684206,419.0,420.0
qk,19316.44444444444,420.0,421.0
prob,19296.521739130436,421.0,422.0
hazi,19295.888888888887,422.0,423.0
stadium,19225.55900621118,423.0,424.0
approxim,19202.759057971012,424.0,425.0
vertic,19045.4597826087,425.0,426.0
thousand,19042.86277173913,426.0,427.0
approach,19008.637681159416,427.0,428.0
common,18994.327075098816,428.0,429.0
hop,18984.480331262937,429.0,430.0
special,18967.231121281464,430.0,431.0
onlin,18938.20366132723,431.0,432.0
phase,18916.413573700953,432.0,433.0
coeffici,18897.830663615558,433.0,434.0
pl,18885.10983981693,434.0,435.0
collabor,18856.391304347824,435.0,436.0
treat,18841.01185770751,436.0,437.0
batch,18772.590062111798,437.0,438.0
split,18772.590062111798,437.0,438.0
envis,18771.386727688787,438.0,440.0
stankov,18766.430010604454,439.0,441.0
element,18656.304347826088,440.0,442.0
trend,18647.280193236715,441.0,443.0
short,18572.180869565218,442.0,444.0
puls,18570.256521739135,443.0,445.0
adhoc,18512.226284584976,444.0,446.0
gij,18471.572250639387,445.0,447.0
rectangl,18434.021739130436,446.0,448.0
nonlineofsight,18408.01565217391,447.0,449.0
consum,18407.690217391304,448.0,450.0
clear,18395.985507246376,449.0,451.0
twelv,18347.452023988004,450.0,452.0
pdf,18254.04272863568,451.0,453.0
flexibl,18227.94909862142,452.0,454.0
spectrum,18214.585284280936,453.0,455.0
gijm,18214.54539641944,454.0,456.0
dust,18021.49565217391,455.0,457.0
rais,17993.36842105263,456.0,458.0
identif,17913.465838509317,457.0,459.0
find,17891.565217391308,458.0,460.0
acquir,17875.374115267947,459.0,461.0
univers,17849.8197242842,460.0,462.0
radar,17822.15217391304,461.0,463.0
pfilter,17811.11076604555,462.0,464.0
spot,17802.315470171892,463.0,465.0
tof,17790.423913043476,464.0,466.0
canopi,17773.176201372997,465.0,467.0
contain,17754.063768115942,466.0,468.0
remind,17571.88664596273,467.0,469.0
manag,17533.8,468.0,470.0
substitut,17500.964017991002,469.0,471.0
sensit,17466.578099838967,470.0,472.0
minut,17466.25323149236,471.0,473.0
rigor,17424.70604914934,472.0,474.0
neighborhood,17381.109706774518,473.0,475.0
expenditur,17275.096500530224,474.0,476.0
onetoon,17256.31304347826,475.0,477.0
midair,17035.48260869565,476.0,478.0
poss,17035.48260869565,476.0,478.0
discuss,16843.916824196596,477.0,480.0
concret,16838.913913043478,478.0,481.0
preflect,16792.898550724636,479.0,482.0
incid,16758.918478260868,480.0,483.0
decis,16748.15635451505,481.0,484.0
associ,16748.15635451505,481.0,484.0
rapid,16724.23629489603,482.0,486.0
domain,16687.33043478261,483.0,487.0
horizont,16651.408695652175,484.0,488.0
spotlight,16527.934782608692,485.0,489.0
timestamp,16527.934782608692,485.0,489.0
recurs,16407.635869565216,486.0,491.0
diminish,16396.140096618357,487.0,492.0
option,16377.901122019637,488.0,493.0
block,16300.66304347826,489.0,494.0
properti,16233.891304347828,490.0,495.0
sequenc,16196.215874620828,491.0,496.0
xn,16182.79051383399,492.0,497.0
yn,16182.79051383399,492.0,497.0
contribut,16156.173913043476,493.0,499.0
correct,16067.76397515528,494.0,500.0
complet,16053.697324414716,495.0,501.0
formal,16047.663394109397,496.0,502.0
hope,16002.816425120773,497.0,503.0
acm,15996.28093645485,498.0,504.0
dot,15976.29933110368,499.0,505.0
simplist,15955.510396975425,500.0,506.0
wide,15930.582608695653,501.0,507.0
manual,15929.792009400704,502.0,508.0
length,15903.664167916042,503.0,509.0
cricket,15868.88347826087,504.0,510.0
locationsupport,15868.88347826087,504.0,510.0
analyt,15822.353823088455,505.0,512.0
attenu,15800.849542334097,506.0,513.0
characterist,15796.995652173913,507.0,514.0
directli,15796.995652173913,507.0,514.0
reiter,15720.934782608694,508.0,516.0
footbal,15658.82608695652,509.0,517.0
flat,15555.018115942026,510.0,518.0
unequivoc,15550.91168478261,511.0,519.0
chang,15495.025879917182,512.0,520.0
constantli,15495.025879917182,512.0,520.0
incorrect,15495.025879917182,512.0,520.0
elimin,15493.739130434784,513.0,523.0
chain,15480.217391304348,514.0,524.0
individu,15441.45652173913,515.0,525.0
resolut,15421.977116704806,516.0,526.0
statut,15417.293995859212,517.0,527.0
mistakenli,15410.248447204967,518.0,528.0
infinit,15368.73913043478,519.0,529.0
made,15368.73913043478,519.0,529.0
open,15322.23273657289,520.0,531.0
second,15295.206521739128,521.0,532.0
quicker,15286.962962962964,522.0,533.0
bicycl,15271.525691699606,523.0,534.0
inexpens,15271.525691699606,523.0,534.0
multipath,15238.260869565216,524.0,536.0
cccn,15148.28375286041,525.0,537.0
exploit,15127.648550724636,526.0,538.0
pool,15114.402173913042,527.0,539.0
qi,15084.247826086956,528.0,540.0
explor,14986.322580645163,529.0,541.0
predominantli,14966.969107551486,530.0,542.0
pictori,14864.869565217392,531.0,543.0
accomplish,14832.953301127212,532.0,544.0
landmark,14756.184782608696,533.0,545.0
dvhop,14756.184782608696,533.0,545.0
promis,14736.77536231884,534.0,547.0
circular,14685.961098398167,535.0,548.0
maximum,14665.63768115942,536.0,549.0
param,14641.682065217392,537.0,550.0
stoleru,14592.057264050902,538.0,551.0
max,14581.173913043476,539.0,552.0
emitterimag,14556.409207161123,540.0,553.0
basic,14556.08534621578,541.0,554.0
principl,14556.08534621578,541.0,554.0
resid,14549.51690821256,542.0,556.0
ntb,14460.836627140976,543.0,557.0
ntd,14460.836627140976,543.0,557.0
bulusu,14448.913043478262,544.0,559.0
sensi,14447.839464882942,545.0,560.0
natur,14323.69806763285,546.0,561.0
evidenc,14302.138486312399,547.0,562.0
micaz,14286.772727272726,548.0,563.0
platform,14286.772727272726,548.0,563.0
xyxyxmym,14280.554347826088,549.0,565.0
elev,14274.571092831964,550.0,566.0
entir,14268.232441471571,551.0,567.0
equival,14268.232441471571,551.0,567.0
maxim,14268.232441471571,551.0,567.0
class,14268.232441471571,551.0,567.0
take,14212.831262939957,552.0,571.0
account,14212.831262939957,552.0,571.0
smallest,14192.84679089027,553.0,573.0
monitor,14171.195652173914,554.0,574.0
hint,14122.137299771166,555.0,575.0
proof,14122.137299771166,555.0,575.0
spent,14115.941576086956,556.0,577.0
come,14094.532173913041,557.0,578.0
connectivitycolor,14093.230014025245,558.0,579.0
allow,14093.230014025245,558.0,579.0
send,14073.263285024153,559.0,581.0
messag,14073.263285024153,559.0,581.0
lowest,14069.347826086954,560.0,583.0
krishnamurthi,14064.965217391302,561.0,584.0
studi,14040.652173913044,562.0,585.0
constrainedbas,14005.782608695654,563.0,586.0
aircraft,13904.626811594202,564.0,587.0
normal,13871.619214586255,565.0,588.0
symmetr,13854.107946026987,566.0,589.0
cr,13828.001610305959,567.0,590.0
significantli,13736.05072463768,568.0,591.0
confirm,13736.05072463768,568.0,591.0
link,13622.95652173913,569.0,593.0
uniform,13595.335403726707,570.0,594.0
mal,13575.446224256291,571.0,595.0
rigid,13575.446224256291,571.0,595.0
placement,13562.153349001175,572.0,597.0
primarili,13532.2202268431,573.0,598.0
apit,13522.826086956522,574.0,599.0
triangl,13522.826086956522,574.0,599.0
dens,13513.16018306636,575.0,601.0
obstruct,13513.16018306636,575.0,601.0
doubl,13452.260869565216,576.0,603.0
commonofftheshelf,13445.856639247946,577.0,604.0
dsc,13445.856639247946,577.0,604.0
qbeam,13445.856639247946,577.0,604.0
digit,13445.856639247946,577.0,604.0
megapixel,13445.856639247946,577.0,604.0
actual,13428.033288043478,578.0,609.0
answer,13428.033288043478,578.0,609.0
enabl,13425.794466403162,579.0,611.0
inclus,13425.794466403162,579.0,611.0
ipsn,13408.90909090909,580.0,613.0
notic,13404.153452685421,581.0,614.0
zoom,13394.152173913044,582.0,615.0
vote,13374.272727272728,583.0,616.0
fix,13349.832775919733,584.0,617.0
respect,13334.939130434785,585.0,618.0
drive,13329.850334448161,586.0,619.0
forc,13329.850334448161,586.0,619.0
wi,13253.0,587.0,621.0
boundari,13251.745169082125,588.0,622.0
ahlo,13231.781739130434,589.0,623.0
signatur,13216.99542334096,590.0,624.0
jm,13209.276214833759,591.0,625.0
spatiotempor,13205.846014492752,592.0,626.0
statu,13187.75,593.0,627.0
timeconstrain,13181.300395256916,594.0,628.0
conserv,13065.608695652174,595.0,629.0
good,13065.608695652174,595.0,629.0
agreement,13065.608695652174,595.0,629.0
choos,13065.608695652174,595.0,629.0
speed,13053.782608695652,596.0,633.0
mobicom,13050.260869565216,597.0,634.0
balakrishnan,12885.434782608694,598.0,635.0
priyantha,12885.434782608694,598.0,635.0
bwboundari,12885.384057971014,599.0,637.0
dispers,12885.283695652175,600.0,638.0
lead,12885.283695652175,600.0,638.0
simplifi,12880.988005997,601.0,640.0
fell,12880.819221967962,602.0,641.0
look,12875.573122529644,603.0,642.0
colorconnect,12875.573122529644,603.0,642.0
ran,12861.304347826088,604.0,644.0
introduc,12861.304347826088,604.0,644.0
xnynzn,12787.327536231884,605.0,646.0
adequ,12768.179549114331,606.0,647.0
facil,12768.179549114331,606.0,647.0
intrins,12746.23043478261,607.0,649.0
bandpass,12672.927536231882,608.0,650.0
interferometri,12647.187747035572,609.0,651.0
dark,12636.762422360247,610.0,652.0
costli,12602.632411067192,611.0,653.0
drastic,12592.096273291923,612.0,654.0
want,12542.58462732919,613.0,655.0
fail,12372.304347826086,614.0,656.0
situat,12372.304347826086,614.0,656.0
stop,12372.304347826086,614.0,656.0
mold,12343.478260869564,615.0,659.0
estrin,12337.062381852551,616.0,660.0
ten,12226.437391304346,617.0,661.0
trivial,12072.22222222222,618.0,662.0
oppos,12064.06956521739,619.0,663.0
verifi,12064.06956521739,619.0,663.0
redund,12058.04347826087,620.0,665.0
unpreced,12058.04347826087,620.0,665.0
toler,12058.04347826087,620.0,665.0
demonstr,12047.265446224255,621.0,668.0
appear,12044.687370600413,622.0,669.0
spectral,12027.104669887278,623.0,670.0
depart,12013.74019088017,624.0,671.0
parallel,11963.90760869565,625.0,672.0
rotat,11963.90760869565,625.0,672.0
rangebas,11850.549872122761,626.0,674.0
scatter,11799.913043478262,627.0,675.0
tool,11736.5179028133,628.0,676.0
habitat,11730.441471571907,629.0,677.0
turn,11712.526397515527,630.0,678.0
termin,11672.673913043476,631.0,679.0
highest,11672.673913043476,631.0,679.0
predetermin,11672.673913043476,631.0,679.0
subject,11663.598398169335,632.0,682.0
realtim,11663.598398169335,632.0,682.0
perceiv,11663.598398169335,632.0,682.0
descriptor,11663.598398169335,632.0,682.0
revolution,11663.598398169335,632.0,682.0
human,11663.598398169335,632.0,682.0
term,11663.598398169335,632.0,682.0
surround,11663.598398169335,632.0,682.0
pushpin,11656.339130434784,633.0,690.0
hundr,11602.675585284282,634.0,691.0
commerci,11602.675585284282,634.0,691.0
emphas,11542.516624040922,635.0,693.0
land,11518.992753623186,636.0,694.0
establish,11481.536905965622,637.0,695.0
imlight,11481.536905965622,637.0,695.0
way,11481.536905965622,637.0,695.0
gradient,11469.710144927536,638.0,698.0
infocom,11431.431159420288,639.0,699.0
scene,11429.217391304346,640.0,700.0
suit,11426.246376811592,641.0,701.0
attent,11361.83188405797,642.0,702.0
accept,11361.83188405797,642.0,702.0
st,11360.878260869566,643.0,704.0
custom,11359.322250639387,644.0,705.0
subsect,11335.812173913044,645.0,706.0
essenc,11333.060869565217,646.0,707.0
redirect,11333.060869565217,646.0,707.0
materi,11332.749011857708,647.0,709.0
outlin,11316.263674614305,648.0,710.0
highaccuraci,11316.20347826087,649.0,711.0
blum,11279.176201372999,650.0,712.0
huang,11279.176201372999,650.0,712.0
unman,11162.54919908467,651.0,714.0
emb,11162.54919908467,651.0,714.0
translat,11115.26185770751,652.0,716.0
fit,11078.644268774702,653.0,717.0
closedform,11078.644268774702,653.0,717.0
luebk,11058.407608695652,654.0,719.0
spars,10979.253623188404,655.0,720.0
timeofflight,10967.971014492754,656.0,721.0
timedifferenceofarrivaltdoa,10967.971014492754,656.0,721.0
cooper,10929.017786561266,657.0,723.0
attempt,10929.017786561266,657.0,723.0
move,10830.6,658.0,725.0
exemplifi,10813.453804347826,659.0,726.0
give,10813.453804347826,659.0,726.0
ij,10707.675889328066,660.0,728.0
compos,10699.753623188406,661.0,729.0
dramat,10620.0,662.0,730.0
deterior,10620.0,662.0,730.0
role,10619.027459954234,663.0,732.0
play,10619.027459954234,663.0,732.0
smart,10608.053830227742,664.0,734.0
romer,10608.053830227742,664.0,734.0
typic,10607.081739130437,665.0,736.0
gpsless,10601.56899810964,666.0,737.0
heidemann,10601.56899810964,666.0,737.0
person,10601.56899810964,666.0,737.0
code,10591.17162471396,667.0,740.0
broadcast,10591.17162471396,667.0,740.0
secon,10531.281663516067,668.0,742.0
terrain,10498.306238185256,669.0,743.0
sniper,10498.306238185256,669.0,743.0
urban,10498.306238185256,669.0,743.0
acoust,10498.306238185256,669.0,743.0
wave,10498.306238185256,669.0,743.0
icaassp,10494.52371541502,670.0,748.0
beutel,10494.52371541502,670.0,748.0
rabaey,10494.52371541502,670.0,748.0
savares,10494.52371541502,670.0,748.0
laser,10487.35265700483,671.0,752.0
nonmonochromat,10487.35265700483,671.0,752.0
unlik,10487.35265700483,671.0,752.0
bachrach,10486.171842650105,672.0,755.0
organ,10486.171842650105,672.0,755.0
nagpal,10486.171842650105,672.0,755.0
shrobe,10486.171842650105,672.0,755.0
interf,10428.409090909092,673.0,759.0
mobisi,10345.797391304348,674.0,760.0
culler,10327.05518394649,675.0,761.0
exact,10277.107608695655,676.0,762.0
put,10253.402173913044,677.0,763.0
difficulti,10253.402173913044,677.0,763.0
planet,10234.760869565218,678.0,765.0
inspir,10234.760869565218,678.0,765.0
galaxi,10234.760869565218,678.0,765.0
star,10234.760869565218,678.0,765.0
presenc,10234.760869565218,678.0,765.0
nearest,10224.99456521739,679.0,770.0
necessarili,10224.99456521739,679.0,770.0
niculescu,10186.803069053707,680.0,772.0
nath,10186.803069053707,680.0,772.0
rest,10167.739130434782,681.0,774.0
output,10161.870709382152,682.0,775.0
perpendicular,10079.543478260868,683.0,776.0
abdelzah,10057.252173913044,684.0,777.0
srivastava,10056.695652173914,685.0,778.0
savvid,10056.695652173914,685.0,778.0
han,10056.695652173914,685.0,778.0
finegrain,10056.695652173914,685.0,778.0
encourag,10049.766505636071,686.0,782.0
absolut,10017.273550724636,687.0,783.0
topolog,10001.157608695652,688.0,784.0
teller,10001.157608695652,688.0,784.0
autoloc,10001.157608695652,688.0,784.0
mobileassist,10001.157608695652,688.0,784.0
demain,10001.157608695652,688.0,784.0
statist,9999.034161490681,689.0,789.0
windi,9943.381642512077,690.0,790.0
fall,9943.381642512077,690.0,790.0
mission,9936.888888888889,691.0,792.0
resourc,9936.888888888889,691.0,792.0
memori,9936.888888888889,691.0,792.0
compens,9936.888888888889,691.0,792.0
colorconstrain,9916.252012882445,692.0,796.0
notabl,9916.252012882445,692.0,796.0
pursu,9906.917701863353,693.0,798.0
denot,9897.585921325051,694.0,799.0
enclosur,9859.709030100335,695.0,800.0
lost,9844.95652173913,696.0,801.0
probold,9749.497896213185,697.0,802.0
kni,9749.497896213185,697.0,802.0
polynomi,9749.497896213185,697.0,802.0
networknumb,9749.497896213185,697.0,802.0
repeat,9749.497896213185,697.0,802.0
rip,9693.865612648222,698.0,807.0
transmitt,9693.865612648222,698.0,807.0
util,9693.865612648222,698.0,807.0
surveil,9660.808695652175,699.0,810.0
tian,9646.924708377519,700.0,811.0
vicair,9646.924708377519,700.0,811.0
john,9646.924708377519,700.0,811.0
pascal,9646.924708377519,700.0,811.0
engin,9646.924708377519,700.0,811.0
scienc,9646.924708377519,700.0,811.0
pvfcsvirginiaedu,9646.924708377519,700.0,811.0
tianhecsumnedu,9646.924708377519,700.0,811.0
radianc,9594.795491143317,701.0,819.0
formula,9594.795491143317,701.0,819.0
daylight,9587.653913043478,702.0,821.0
chakraborti,9566.125603864735,703.0,822.0
precis,9522.278985507246,704.0,823.0
travel,9505.833992094864,705.0,824.0
reflector,9350.402173913044,706.0,825.0
pr,9233.377846790889,707.0,826.0
pb,9233.377846790889,707.0,826.0
pg,9233.377846790889,707.0,826.0
importantli,9223.64956521739,708.0,829.0
balogh,9182.470735785953,709.0,830.0
kusi,9182.470735785953,709.0,830.0
ledeczi,9182.470735785953,709.0,830.0
nada,9182.470735785953,709.0,830.0
maroti,9182.470735785953,709.0,830.0
rfbase,9032.90359168242,710.0,835.0
bahl,9032.90359168242,710.0,835.0
padmanabhan,9032.90359168242,710.0,835.0
inbuild,9032.90359168242,710.0,835.0
transact,9024.59420289855,711.0,839.0
pathirana,9024.59420289855,711.0,839.0
robot,9024.59420289855,711.0,839.0
savkin,9024.59420289855,711.0,839.0
jha,9024.59420289855,711.0,839.0
delaytoler,9024.59420289855,711.0,839.0
frequent,8920.627002288327,712.0,845.0
processingunderstand,8920.627002288327,712.0,845.0
variat,8876.077173913043,713.0,847.0
return,8876.077173913043,713.0,847.0
perfectli,8876.077173913043,713.0,847.0
broxton,8868.256143667297,714.0,850.0
stimuli,8868.256143667297,714.0,850.0
ewsn,8868.256143667297,714.0,850.0
paradiso,8868.256143667297,714.0,850.0
lifton,8868.256143667297,714.0,850.0
airdrop,8848.08695652174,715.0,855.0
overview,8637.065217391304,716.0,856.0
art,8637.065217391304,716.0,856.0
eas,8608.239130434782,717.0,858.0
brighter,8608.239130434782,717.0,858.0
granular,8590.909565217393,718.0,860.0
decompos,8575.815217391304,719.0,861.0
frequenc,8572.321739130435,720.0,862.0
easili,8572.321739130435,720.0,862.0
unidirect,8288.67316341829,721.0,864.0
total,8288.67316341829,721.0,864.0
polish,8259.620289855073,722.0,866.0
independ,8256.458498023716,723.0,867.0
exclud,8225.217391304348,724.0,868.0
notat,8219.572713643178,725.0,869.0
unit,8219.572713643178,725.0,869.0
middl,8219.572713643178,725.0,869.0
twenti,8219.572713643178,725.0,869.0
squar,8219.572713643178,725.0,869.0
kn,8219.572713643178,725.0,869.0
uniformli,8219.572713643178,725.0,869.0
dutta,7853.026755852842,726.0,876.0
bapat,7853.026755852842,726.0,876.0
sand,7853.026755852842,726.0,876.0
trage,7853.026755852842,726.0,876.0
arora,7853.026755852842,726.0,876.0
commonli,7832.836956521739,727.0,881.0
lower,7791.959357277882,728.0,882.0
interpret,7776.840579710144,729.0,883.0
briefli,7673.582125603865,730.0,884.0
collim,7673.582125603865,730.0,884.0
slightli,7657.434782608695,731.0,886.0
centspiec,7657.434782608695,731.0,886.0
price,7657.434782608695,731.0,886.0
lighti,7626.906832298136,732.0,889.0
msec,7613.913043478261,733.0,890.0
level,7613.913043478261,733.0,890.0
govindan,7606.035805626598,734.0,892.0
loss,7361.829710144927,735.0,893.0
proport,7361.829710144927,735.0,893.0
helicopt,7107.026397515528,736.0,895.0
let,7107.026397515528,736.0,895.0
brightest,7036.608695652174,737.0,897.0
countersnip,6896.336956521739,738.0,898.0
networkbas,6896.336956521739,738.0,898.0
frampton,6896.336956521739,738.0,898.0
simon,6896.336956521739,738.0,898.0
pap,6896.336956521739,738.0,898.0
sallai,6896.336956521739,738.0,898.0
jiang,6892.251976284586,739.0,904.0
multihop,6892.251976284586,739.0,904.0
woo,6892.251976284586,739.0,904.0
nois,6892.251976284586,739.0,904.0
karlof,6892.251976284586,739.0,904.0
whitehous,6851.343167701863,740.0,909.0
mutual,6831.903010033445,741.0,910.0
uiuc,6745.355731225296,742.0,911.0
mechitov,6745.355731225296,742.0,911.0
kim,6745.355731225296,742.0,911.0
sundresh,6745.355731225296,742.0,911.0
agha,6745.355731225296,742.0,911.0
kwon,6745.355731225296,742.0,911.0
polastr,6460.200668896322,743.0,917.0
mainwar,6460.200668896322,743.0,917.0
szewczyk,6460.200668896322,743.0,917.0
anderson,6460.200668896322,743.0,917.0
xu,6245.947826086957,744.0,921.0
chintalapudi,6245.947826086957,744.0,921.0
rangwala,6245.947826086957,744.0,921.0
ganesan,6245.947826086957,744.0,921.0
dora,5897.252964426878,745.0,925.0
molnar,5897.252964426878,745.0,925.0
interferometr,5897.252964426878,745.0,925.0
volgyesi,5897.252964426878,745.0,925.0
geoloc,5897.252964426878,745.0,925.0
metrolog,5717.226086956522,746.0,930.0
machin,5717.226086956522,746.0,930.0
jra,5717.226086956522,746.0,930.0
versatil,5717.226086956522,746.0,930.0
offtheshelf,5717.226086956522,746.0,930.0
tsai,5717.226086956522,746.0,930.0
tv,5717.226086956522,746.0,930.0
lens,5717.226086956522,746.0,930.0
calibr,5717.226086956522,746.0,930.0
irrespect,5709.63768115942,747.0,939.0
realiz,5601.49420289855,748.0,940.0
examin,5601.49420289855,748.0,940.0
temporarili,5601.49420289855,748.0,940.0
care,5601.49420289855,748.0,940.0
krogh,5355.457391304348,749.0,944.0
yan,5355.457391304348,749.0,944.0
gu,5355.457391304348,749.0,944.0
hui,5355.457391304348,749.0,944.0
convert,5162.347826086956,750.0,948.0
backscatt,4994.5732689210945,751.0,949.0
gain,4994.5732689210945,751.0,949.0
km,4994.5732689210945,751.0,949.0
na,4994.5732689210945,751.0,949.0
wait,4340.08115942029,752.0,953.0
anomali,4340.08115942029,752.0,953.0
column,4224.604118993134,753.0,955.0
row,4224.604118993134,753.0,955.0
jacobson,3809.253913043478,754.0,957.0
jrnl,3809.253913043478,754.0,957.0
archer,3809.253913043478,754.0,957.0
kalro,3609.375,755.0,960.0
confer,3609.375,755.0,960.0
aerodynam,3609.375,755.0,960.0
httpwwwmemsriceedutafsmr,3609.375,755.0,960.0
tezduyar,3609.375,755.0,960.0
stein,3609.375,755.0,960.0
parachut,3609.375,755.0,960.0
deceler,3609.375,755.0,960.0
benney,3609.375,755.0,960.0
fluidstructur,3609.375,755.0,960.0
leonard,3609.375,755.0,960.0
advanc,3607.955163043478,756.0,971.0
team,3607.955163043478,756.0,971.0
flow,3607.955163043478,756.0,971.0
infrar,3501.2445652173906,757.0,974.0
searchlight,3501.2445652173906,757.0,974.0
armi,3501.2445652173906,757.0,974.0
headquart,3501.2445652173906,757.0,974.0
angssv,3501.2445652173906,757.0,974.0
technic,3501.2445652173906,757.0,974.0
rgb,3343.072463768116,758.0,980.0
pdarki,3343.072463768116,758.0,980.0
