Name,IF,IFDenseRank,IFMinRank
game,27051.5654296875,1.0,1.0
local,25091.11328125,2.0,2.0
system,24864.0546875,3.0,3.0
network,24035.22265625,4.0,4.0
site,23297.4609375,5.0,5.0
state,23173.5234375,6.0,6.0
transmiss,22286.3388671875,7.0,7.0
lag,22257.814453125,8.0,8.0
delay,21509.5703125,9.0,9.0
remot,21477.6953125,10.0,10.0
inconsist,21470.0078125,11.0,11.0
gsdrll,21449.94140625,12.0,12.0
consist,20866.0224609375,13.0,13.0
updat,20791.8388671875,14.0,14.0
time,20524.8046875,15.0,15.0
gsdr,19904.0625,16.0,16.0
oper,19502.2392578125,17.0,17.0
entiti,19432.763671875,18.0,18.0
dr,18965.9189453125,19.0,19.0
effect,18870.05859375,20.0,20.0
decreas,18807.865234375,21.0,21.0
share,18670.18359375,22.0,22.0
synchron,18275.373046875,23.0,23.0
physic,17456.765625,24.0,24.0
method,17434.521484375,25.0,25.0
result,17217.20703125,26.0,26.0
threshold,17031.703125,27.0,27.0
calcul,15798.1455078125,28.0,28.0
order,15444.931640625,29.0,29.0
elimin,15183.75,30.0,30.0
clock,15153.75,31.0,31.0
comput,14987.45,32.0,32.0
applic,14910.532258064517,33.0,33.0
posit,14526.12109375,34.0,34.0
mechan,14473.662109375,35.0,35.0
perform,14061.86875,36.0,36.0
point,13992.689453125,37.0,37.0
transmit,13887.23828125,38.0,38.0
evalu,13359.288541666665,39.0,39.0
ms,13325.810483870968,40.0,40.0
high,13289.1123046875,41.0,41.0
propos,13034.7529296875,42.0,42.0
period,12941.90625,43.0,43.0
maintain,12930.29296875,44.0,44.0
receiv,12917.39453125,45.0,45.0
base,12893.7375,46.0,46.0
compar,12808.85546875,47.0,47.0
workshop,12746.08064516129,48.0,48.0
increas,12531.578125,49.0,49.0
estim,12492.421875,50.0,50.0
replic,12476.101041666667,51.0,51.0
figur,12459.595766129032,52.0,52.0
player,12453.641129032258,53.0,53.0
netgam,12450.356854838708,54.0,54.0
caus,12445.875,55.0,55.0
distribut,12419.713541666666,56.0,56.0
set,12389.22685185185,57.0,57.0
interact,12310.246767241379,58.0,58.0
support,12191.298387096773,59.0,59.0
combin,12031.24609375,60.0,60.0
scene,11809.8828125,61.0,61.0
select,11761.820913461539,62.0,62.0
predict,11576.839717741936,63.0,63.0
predefin,11526.744140625,64.0,64.0
filter,11515.373991935483,65.0,65.0
continu,11442.77801724138,66.0,66.0
larger,11316.63671875,67.0,67.0
descript,11046.925403225805,68.0,68.0
issu,10933.443548387097,69.0,69.0
compos,10888.765086206895,70.0,70.0
approach,10827.489583333334,71.0,71.0
definit,10728.282258064515,72.0,72.0
make,10664.5703125,73.0,73.0
send,10575.59765625,74.0,74.0
show,10491.993055555555,75.0,75.0
difficult,10474.380387931034,76.0,76.0
veloc,10364.483870967742,77.0,77.0
path,10349.719827586207,78.0,78.0
deviat,10338.967548076924,79.0,79.0
number,10170.632812500002,80.0,80.0
global,10039.39314516129,81.0,81.0
pixel,10017.52232142857,82.0,82.0
differ,9961.14453125,83.0,83.0
work,9953.166666666668,84.0,84.0
spaceship,9951.480000000001,85.0,85.0
case,9882.74375,86.0,86.0
sreal,9879.020161290322,87.0,87.0
studi,9851.754807692309,88.0,88.0
addit,9835.832661290322,89.0,89.0
assum,9784.32762096774,90.0,90.0
term,9749.125,91.0,91.0
employ,9654.010416666666,92.0,92.0
achiev,9648.47379032258,93.0,93.0
slate,9631.436491935483,94.0,94.0
relat,9621.071428571428,95.0,95.0
metric,9534.802083333334,96.0,96.0
accur,9471.171875,97.0,97.0
current,9449.166666666666,98.0,98.0
degre,9440.971774193547,99.0,99.0
paper,9425.66015625,100.0,100.0
timestamp,9294.151209677419,101.0,101.0
main,9188.392857142857,102.0,102.0
request,8990.806034482759,103.0,103.0
mainten,8989.04296875,104.0,104.0
paramet,8973.145474137931,105.0,105.0
correct,8908.466346153848,106.0,106.0
spremot,8885.091733870968,107.0,107.0
highli,8879.300925925925,108.0,108.0
signific,8869.033405172413,109.0,109.0
tackl,8834.4140625,110.0,110.0
execut,8822.197265625,111.0,111.0
refer,8816.146381578947,112.0,112.0
orient,8802.818181818182,113.0,113.0
exist,8761.7775,114.0,114.0
immedi,8666.3671875,115.0,115.0
packet,8466.014008620688,116.0,116.0
al,8405.811458333334,117.0,117.0
repair,8310.828125,118.0,118.0
scalabl,8306.7025,119.0,119.0
multiplay,8297.505387931034,120.0,120.0
name,8280.08125,121.0,121.0
note,8273.926724137931,122.0,122.0
section,8258.615625,123.0,123.0
aforement,8232.0,124.0,124.0
par,8206.507211538463,125.0,125.0
part,8144.299342105262,126.0,126.0
procedur,8104.404513888889,127.0,127.0
smaller,8088.9375,128.0,128.0
fix,8048.01724137931,129.0,129.0
dei,8021.79,130.0,130.0
proc,7918.229166666666,131.0,131.0
specif,7861.175646551725,132.0,132.0
deadreckon,7815.666666666666,133.0,133.0
act,7810.064655172413,134.0,134.0
need,7792.8828125,135.0,135.0
categori,7755.616776315788,136.0,136.0
sremot,7748.062499999999,137.0,137.0
repres,7726.833333333333,138.0,138.0
fair,7697.951171875,139.0,139.0
tradit,7585.574353448275,140.0,140.0
cdmg,7556.288793103448,141.0,141.0
describ,7500.821875000001,142.0,142.0
practic,7493.4051724137935,143.0,143.0
typic,7448.966145833332,144.0,144.0
condit,7431.475961538463,145.0,145.0
divid,7429.305555555556,146.0,146.0
mean,7420.139999999999,147.0,147.0
session,7398.511853448275,148.0,148.0
broaden,7388.259999999999,149.0,149.0
greatli,7388.259999999999,149.0,149.0
formula,7375.6825,150.0,151.0
constraint,7370.7375,151.0,152.0
chang,7345.609375,152.0,153.0
mauv,7322.232336956522,153.0,154.0
begin,7313.1594827586205,154.0,155.0
present,7301.672916666666,155.0,156.0
remov,7214.235000000001,156.0,157.0
small,7157.9879807692305,157.0,158.0
larg,7134.436141304347,158.0,159.0
total,7078.775,159.0,160.0
step,6986.321875000001,160.0,161.0
due,6972.265625,161.0,162.0
includ,6954.03515625,162.0,163.0
real,6860.75,163.0,164.0
proper,6825.645833333333,164.0,165.0
complet,6678.800781249999,165.0,166.0
illustr,6504.955357142857,166.0,167.0
second,6456.666666666666,167.0,168.0
aggarw,6393.8875,168.0,169.0
fine,6391.64375,169.0,170.0
vol,6367.617647058824,170.0,171.0
axi,6345.618303571428,171.0,172.0
record,6320.082236842105,172.0,173.0
check,6289.380580357142,173.0,174.0
simpl,6283.1475,174.0,175.0
echo,6273.0,175.0,176.0
reduc,6228.503125,176.0,177.0
exce,6226.4640625,177.0,178.0
develop,6213.491379310344,178.0,179.0
delet,6205.744419642857,179.0,180.0
reason,6174.028532608696,180.0,181.0
sjt,6088.125,181.0,182.0
sit,6088.125,181.0,182.0
forward,6056.795758928572,182.0,184.0
simplifi,6053.6637931034475,183.0,185.0
problem,5910.409375,184.0,186.0
deceler,5905.304999999999,185.0,187.0
turn,5905.304999999999,185.0,187.0
acceler,5905.304999999999,185.0,187.0
implement,5903.134698275862,186.0,190.0
domain,5878.8234375,187.0,191.0
measur,5877.95,188.0,192.0
notat,5831.967391304348,189.0,193.0
po,5831.967391304348,189.0,193.0
overlap,5797.450367647059,190.0,195.0
simul,5795.737068965517,191.0,196.0
higher,5779.047916666666,192.0,197.0
sequenc,5766.956250000001,193.0,198.0
store,5753.101293103448,194.0,199.0
short,5707.6875,195.0,200.0
warp,5703.689732142856,196.0,201.0
except,5703.689732142856,196.0,201.0
constrain,5686.9375,197.0,203.0
control,5585.288750000001,198.0,204.0
model,5584.187499999999,199.0,205.0
play,5575.14375,200.0,206.0
foreseen,5526.796875,201.0,207.0
implic,5486.758928571428,202.0,208.0
purpos,5440.7925,203.0,209.0
basic,5434.0,204.0,210.0
detail,5418.487268518518,205.0,211.0
found,5418.487268518518,205.0,211.0
consecut,5407.262931034483,206.0,213.0
interv,5407.262931034483,206.0,213.0
list,5350.287715517242,207.0,215.0
sort,5350.287715517242,207.0,215.0
amount,5350.287715517242,207.0,215.0
wait,5350.287715517242,207.0,215.0
constant,5350.287715517242,207.0,215.0
find,5344.502083333333,208.0,220.0
usabl,5336.922413793103,209.0,221.0
distinct,5326.35,210.0,222.0
internet,5323.245833333333,211.0,223.0
hci,5309.637276785714,212.0,224.0
deploy,5253.777343749999,213.0,225.0
messag,5253.777343749999,213.0,225.0
coordin,5211.6328125,214.0,227.0
absolut,5204.727272727273,215.0,228.0
human,5193.65625,216.0,229.0
stamp,5180.662499999999,217.0,230.0
error,5175.044642857142,218.0,231.0
export,5175.044642857142,218.0,231.0
lack,5166.4375,219.0,233.0
scienc,5154.784482758621,220.0,234.0
reliev,5112.689732142857,221.0,235.0
neg,5112.689732142857,221.0,235.0
flood,5094.739583333333,222.0,237.0
paradox,5093.099999999999,223.0,238.0
lead,5093.099999999999,223.0,238.0
situat,5093.099999999999,223.0,238.0
computercommun,5077.890625,224.0,241.0
subject,5077.890625,224.0,241.0
determin,5077.318181818182,225.0,243.0
ntp,5041.25,226.0,244.0
gp,5041.25,226.0,244.0
ieee,5023.321428571428,227.0,246.0
end,4945.322544642857,228.0,247.0
del,4893.088235294118,229.0,248.0
lower,4893.088235294118,229.0,248.0
import,4857.104619565217,230.0,250.0
consid,4857.104619565217,230.0,250.0
bed,4855.133620689655,231.0,252.0
switch,4855.133620689655,231.0,252.0
test,4855.133620689655,231.0,252.0
ethernet,4855.133620689655,231.0,252.0
connect,4855.133620689655,231.0,252.0
multipl,4828.806818181818,232.0,257.0
chen,4825.633620689656,233.0,258.0
coupl,4812.215625000001,234.0,259.0
track,4812.215625000001,234.0,259.0
clear,4780.111607142857,235.0,261.0
form,4771.086206896552,236.0,262.0
capabl,4720.443181818182,237.0,263.0
analysi,4720.367647058823,238.0,264.0
halt,4711.862980769231,239.0,265.0
slow,4711.862980769231,239.0,265.0
attach,4708.956597222222,240.0,267.0
reach,4698.066176470588,241.0,268.0
vr,4694.375,242.0,269.0
latest,4674.8203125,243.0,270.0
suit,4634.3421052631575,244.0,271.0
altern,4634.3421052631575,244.0,271.0
spite,4632.7125,245.0,273.0
gc,4589.55,246.0,274.0
sate,4559.484375,247.0,275.0
fidel,4490.296875,248.0,276.0
pass,4481.807692307692,249.0,277.0
suffer,4458.582589285714,250.0,278.0
experiment,4456.262867647059,251.0,279.0
wide,4452.67875,252.0,280.0
unnecessari,4452.67875,252.0,280.0
life,4445.50375,253.0,282.0
hz,4427.480603448275,254.0,283.0
frequenc,4427.480603448275,254.0,283.0
stand,4427.480603448275,254.0,283.0
impos,4406.388392857142,255.0,286.0
task,4406.388392857142,255.0,286.0
perceiv,4406.388392857142,255.0,286.0
depend,4406.388392857142,255.0,286.0
research,4406.388392857142,255.0,286.0
cooper,4367.613970588235,256.0,291.0
graphic,4328.348214285714,257.0,292.0
nottingham,4304.120689655172,258.0,293.0
bb,4304.120689655172,258.0,293.0
ng,4304.120689655172,258.0,293.0
lingchen,4304.120689655172,258.0,293.0
univers,4304.120689655172,258.0,293.0
adopt,4253.072916666666,259.0,298.0
exceed,4147.993421052632,260.0,299.0
distanc,4096.731770833333,261.0,300.0
beam,4053.7200000000003,262.0,301.0
laser,4053.7200000000003,262.0,301.0
unit,3986.7374999999997,263.0,303.0
conclud,3978.6979166666665,264.0,304.0
analyz,3978.6979166666665,264.0,304.0
rest,3978.6979166666665,264.0,304.0
shoot,3976.2512500000003,265.0,307.0
cve,3962.052083333333,266.0,308.0
lose,3893.88,267.0,309.0
discret,3744.898026315789,268.0,310.0
move,3705.6875,269.0,311.0
back,3705.6875,269.0,311.0
raynal,3660.5892857142853,270.0,313.0
schiper,3660.5892857142853,270.0,313.0
zjt,3386.25,271.0,315.0
yit,3386.25,271.0,315.0
zit,3386.25,271.0,315.0
xit,3386.25,271.0,315.0
xjt,3386.25,271.0,315.0
zzyyxx,3386.25,271.0,315.0
yjt,3386.25,271.0,315.0
zhejiang,3218.0043103448274,272.0,322.0
ling,3218.0043103448274,272.0,322.0
zhang,3218.0043103448274,272.0,322.0
gencai,3218.0043103448274,272.0,322.0
pr,3218.0043103448274,272.0,322.0
hangzhou,3218.0043103448274,272.0,322.0
particip,3203.9791666666665,273.0,328.0
light,3167.8359375,274.0,329.0
australia,3167.8359375,274.0,329.0
instanc,3167.8359375,274.0,329.0
least,3167.8359375,274.0,329.0
bound,3167.8359375,274.0,329.0
qo,3167.8359375,274.0,329.0
europ,3167.8359375,274.0,329.0
interfac,3153.0111607142853,275.0,336.0
approxim,3153.0111607142853,275.0,336.0
keyboard,3153.0111607142853,275.0,336.0
carrac,3153.0111607142853,275.0,336.0
user,3153.0111607142853,275.0,336.0
notic,3153.0111607142853,275.0,336.0
mous,3153.0111607142853,275.0,336.0
separ,3128.0707236842104,276.0,343.0
call,3128.0707236842104,276.0,343.0
transact,3123.984375,277.0,345.0
virtual,2996.764705882353,278.0,346.0
environ,2996.764705882353,278.0,346.0
desktop,2903.3671875,279.0,348.0
last,2797.5026041666665,280.0,349.0
horiguchi,2738.0257352941176,281.0,350.0
kunifuji,2738.0257352941176,281.0,350.0
mo,2738.0257352941176,281.0,350.0
haptic,2738.0257352941176,281.0,350.0
alhalabi,2738.0257352941176,281.0,350.0
wolf,2720.859375,282.0,355.0
pantel,2720.859375,282.0,355.0
journal,2693.942708333333,283.0,357.0
onlin,2680.071875,284.0,358.0
khandelw,2664.1284722222217,285.0,359.0
banavar,2664.1284722222217,285.0,359.0
memori,2621.522916666667,286.0,361.0
accuraci,2578.1805555555557,287.0,362.0
impact,2533.78125,288.0,363.0
realtim,2533.78125,288.0,363.0
confer,2512.333333333333,289.0,365.0
rw,2505.8250000000003,290.0,366.0
lw,2505.8250000000003,290.0,366.0
lau,2505.8250000000003,290.0,366.0
fw,2505.8250000000003,290.0,366.0
technolog,2426.854166666667,291.0,370.0
sigchi,2357.671875,292.0,371.0
factor,2357.671875,292.0,371.0
acm,2318.09375,293.0,373.0
causal,2229.25,294.0,374.0
concurr,1829.0911458333333,295.0,375.0
wing,1829.0911458333333,295.0,375.0
lineariz,1829.0911458333333,295.0,375.0
object,1829.0911458333333,295.0,375.0
herlihi,1829.0911458333333,295.0,375.0
effelsberg,1806.9642857142856,296.0,380.0
timewarp,1806.9642857142856,296.0,380.0
vogel,1806.9642857142856,296.0,380.0
provid,1806.9642857142856,296.0,380.0
hilt,1806.9642857142856,296.0,380.0
qualiti,1719.5,297.0,385.0
suitabl,1547.5580357142856,298.0,386.0
scheme,1547.5580357142856,298.0,386.0
latenc,1543.59375,299.0,388.0
languag,1261.1458333333333,300.0,389.0
axiom,1252.1527777777776,301.0,390.0
misra,1252.1527777777776,301.0,390.0
access,1252.1527777777776,301.0,390.0
intern,1087.5125,302.0,393.0
stress,905.0625,303.0,394.0
presenc,905.0625,303.0,394.0
meehan,804.9375,304.0,396.0
whitton,804.9375,304.0,396.0
brook,804.9375,304.0,396.0
razzaqu,804.9375,304.0,396.0
design,799.875,305.0,400.0
protocol,799.875,305.0,400.0
compens,799.875,305.0,400.0
optim,799.875,305.0,400.0
ingam,799.875,305.0,400.0
yw,755.03125,306.0,405.0
bernier,755.03125,306.0,405.0
neiger,704.7395833333334,307.0,407.0
pw,704.7395833333334,307.0,407.0
je,704.7395833333334,307.0,407.0
foundat,704.7395833333334,307.0,407.0
ahamad,704.7395833333334,307.0,407.0
burn,704.7395833333334,307.0,407.0
softwar,704.7395833333334,307.0,407.0
hutto,704.7395833333334,307.0,407.0
nossdav,279.4375,308.0,415.0
millisecond,211.4375,309.0,416.0
munson,17.53125,310.0,417.0
jr,17.53125,310.0,417.0
ev,17.53125,310.0,417.0
dabrowski,17.53125,310.0,417.0
