Name,IF,IFDenseRank,IFMinRank
locat,54609.36000000001,1.0,1.0
user,52536.948749999996,2.0,2.0
applic,49610.549999999996,3.0,3.0
time,49580.509090909094,4.0,4.0
inform,49449.278125000004,5.0,5.0
system,47265.78378378379,6.0,6.0
context,47133.20625,7.0,7.0
support,46491.61689189189,8.0,8.0
group,46351.459375000006,9.0,9.0
interact,44501.751351351355,10.0,10.0
comput,43864.38636363636,11.0,11.0
implement,40285.903125000004,12.0,12.0
sensor,39974.72,13.0,13.0
commun,39688.59375,14.0,14.0
contextawar,37755.63,15.0,15.0
current,37510.65375,16.0,16.0
member,37455.600000000006,17.0,17.0
provid,37157.520000000004,18.0,18.0
chapter,36944.03472222222,19.0,19.0
awar,36705.155303030304,20.0,20.0
architectur,36688.36363636364,21.0,21.0
enabl,36507.103030303035,22.0,22.0
symbol,36475.58787878788,23.0,23.0
order,36432.644594594596,24.0,24.0
account,36402.95757575757,25.0,25.0
attribut,36318.84848484849,26.0,26.0
figur,36069.200000000004,27.0,27.0
giss,35831.442361111105,28.0,28.0
event,35089.357575757575,29.0,29.0
proxim,34723.96000000001,30.0,30.0
activ,34664.200000000004,31.0,31.0
base,34219.53787878788,32.0,32.0
sens,33888.041666666664,33.0,33.0
form,33764.97222222222,34.0,34.0
interfac,33369.5945945946,35.0,35.0
trigger,32904.18409090909,36.0,36.0
environ,32883.2053030303,37.0,37.0
type,32705.93918918919,38.0,38.0
messeng,32667.88611111111,39.0,39.0
map,32177.72,40.0,40.0
instant,31725.21041666666,41.0,41.0
refer,31675.95,42.0,42.0
ident,31612.454545454544,43.0,43.0
servic,31530.565000000006,44.0,44.0
mean,31399.934848484845,45.0,45.0
asynchron,31262.88375,46.0,46.0
client,31256.548484848485,47.0,47.0
peopl,30770.311111111107,48.0,48.0
determin,30689.577272727274,49.0,49.0
chang,30676.70757575758,50.0,50.0
abstract,30385.793181818182,51.0,51.0
spatial,30383.512500000004,52.0,52.0
part,30140.945454545454,53.0,53.0
list,30128.51953125,54.0,54.0
mobil,29976.916666666664,55.0,55.0
featur,29760.521875000002,56.0,56.0
posit,29601.91363636363,57.0,57.0
import,28980.800000000003,58.0,58.0
singl,28980.056756756763,59.0,59.0
integr,28952.086875,60.0,60.0
level,28920.8325,61.0,61.0
defin,28887.068181818187,62.0,62.0
tag,28855.0421875,63.0,63.0
room,28522.221666666668,64.0,64.0
socal,28505.495454545453,65.0,65.0
kind,28504.966406249998,66.0,66.0
retriev,28402.33181818182,67.0,67.0
hierarchi,28266.72,68.0,68.0
final,28249.223611111112,69.0,69.0
present,27988.744375000002,70.0,70.0
accuraci,27842.4015625,71.0,71.0
fusion,27732.800000000003,72.0,72.0
easili,27669.170454545452,73.0,73.0
network,27429.27878787879,74.0,74.0
develop,27292.76590909091,75.0,75.0
model,27209.291666666668,76.0,76.0
physic,26945.300000000003,77.0,77.0
introduc,26733.186290322577,78.0,78.0
dynam,26685.59375,79.0,79.0
respect,26622.020312499997,80.0,80.0
notifi,26504.951562500002,81.0,81.0
framework,26293.333333333332,82.0,82.0
exist,26276.027272727275,83.0,83.0
messag,26197.43387096774,84.0,84.0
approach,26191.33035714285,85.0,85.0
area,26155.324999999997,86.0,86.0
person,25858.90887096774,87.0,87.0
situat,25846.25,88.0,88.0
detect,25774.394696969695,89.0,89.0
distribut,25623.03515625,90.0,90.0
work,25606.502419354838,91.0,91.0
server,25566.054545454546,92.0,92.0
entiti,25554.916935483867,93.0,93.0
contact,25532.6175,94.0,94.0
addit,25134.345312499998,95.0,95.0
simpl,25089.42708333333,96.0,96.0
virtual,25071.25,97.0,97.0
store,24623.732258064512,98.0,98.0
postit,24147.9925,99.0,99.0
set,23901.448484848483,100.0,100.0
place,23897.637096774193,101.0,101.0
collect,23816.77727272727,102.0,102.0
view,23807.51120689655,103.0,103.0
number,23722.254,104.0,104.0
ad,23675.442,105.0,105.0
requir,23561.15357142857,106.0,106.0
differ,23510.25,107.0,107.0
case,23407.388888888887,108.0,108.0
carri,23405.470192307694,109.0,109.0
manag,23379.148648648654,110.0,110.0
gener,23291.19230769231,111.0,111.0
clientsid,23175.206818181818,112.0,112.0
sourc,23113.94140625,113.0,113.0
avail,23106.875675675677,114.0,114.0
repres,22964.9640625,115.0,115.0
detail,22956.0828125,116.0,116.0
visualis,22837.945945945947,117.0,117.0
floor,22816.324999999997,118.0,118.0
serv,22729.916666666664,119.0,119.0
complet,22592.88,120.0,120.0
state,22554.375,121.0,121.0
chosen,22550.803000000004,122.0,122.0
multipl,22396.260000000002,123.0,123.0
granular,22357.394642857143,124.0,124.0
meet,22299.682432432437,125.0,125.0
restrict,22170.391346153847,126.0,126.0
respons,22049.60625,127.0,127.0
consid,21900.35384615385,128.0,128.0
proceed,21803.709375,129.0,129.0
facilit,21782.545312500002,130.0,130.0
occur,21587.952,131.0,131.0
encapsul,21573.787500000002,132.0,132.0
concept,21392.22,133.0,133.0
ieee,21294.66,134.0,134.0
overview,21261.73548387097,135.0,135.0
accept,21225.688513513516,136.0,136.0
send,21207.845,137.0,137.0
goal,21177.60652173913,138.0,138.0
relev,21055.45,139.0,139.0
show,21052.675000000003,140.0,140.0
evalu,21024.348214285714,141.0,141.0
access,21022.39,142.0,142.0
accur,20999.109782608695,143.0,143.0
today,20945.75,144.0,144.0
automat,20943.62068965517,145.0,145.0
acquir,20921.95,146.0,146.0
motiv,20907.791666666664,147.0,147.0
build,20898.65,148.0,148.0
histori,20896.58482142857,149.0,149.0
represent,20874.996000000003,150.0,150.0
proximitysensor,20803.524193548386,151.0,151.0
deliv,20782.386,152.0,152.0
join,20758.56818181818,153.0,153.0
data,20745.36574074074,154.0,154.0
longer,20730.9,155.0,155.0
take,20680.58787878788,156.0,156.0
point,20520.530434782606,157.0,157.0
sort,20459.725000000002,158.0,158.0
subsystem,20450.045000000002,159.0,159.0
busi,20417.67403846154,160.0,160.0
real,20348.774193548386,161.0,161.0
twodimension,20321.2125,162.0,162.0
identifi,20241.921428571426,163.0,163.0
thrown,20219.1625,164.0,164.0
address,20213.199999999997,165.0,165.0
reader,20191.623,166.0,166.0
open,20188.947115384617,167.0,167.0
perform,20115.350892857143,168.0,168.0
contain,20110.32,169.0,169.0
introduct,20108.9,170.0,170.0
cover,20079.333000000002,171.0,171.0
hand,20043.728906250002,172.0,172.0
rule,19958.82037037037,173.0,173.0
extend,19935.677419354837,174.0,174.0
distinguish,19930.225,175.0,175.0
tabl,19918.733333333334,176.0,176.0
definit,19900.214285714283,177.0,177.0
central,19775.864999999998,178.0,178.0
coreattribut,19689.98181818182,179.0,179.0
human,19602.405000000002,180.0,180.0
nearbi,19595.3,181.0,181.0
visual,19545.4425,182.0,182.0
object,19523.543478260868,183.0,183.0
resid,19439.222999999998,184.0,184.0
main,19370.06129032258,185.0,185.0
includ,19363.43181818182,186.0,186.0
reason,19345.547297297297,187.0,187.0
intern,19321.903125,188.0,188.0
depart,19315.38552631579,189.0,189.0
display,19303.06875,190.0,190.0
extern,19155.328703703704,191.0,191.0
abstractionattribut,19147.7125,192.0,192.0
synchron,19074.24054054054,193.0,193.0
function,19029.344444444443,194.0,194.0
rfid,19027.007407407404,195.0,195.0
recogn,19004.6875,196.0,196.0
enhanc,18995.584848484847,197.0,197.0
issu,18984.27364864865,198.0,198.0
fact,18903.170000000002,199.0,199.0
possibl,18790.940384615387,200.0,200.0
decid,18777.681,201.0,201.0
coordin,18760.782692307694,202.0,202.0
statu,18753.72258064516,203.0,203.0
cf,18666.14625,204.0,204.0
wlan,18601.101923076923,205.0,205.0
class,18577.292592592592,206.0,206.0
make,18572.399999999998,207.0,207.0
rang,18566.712962962964,208.0,208.0
standard,18557.524999999998,209.0,209.0
dimens,18526.044444444444,210.0,210.0
combin,18524.399999999998,211.0,211.0
lack,18486.277173913044,212.0,212.0
condit,18445.65714285714,213.0,213.0
adapt,18400.41,214.0,214.0
describ,18395.330434782605,215.0,215.0
focu,18382.816666666666,216.0,216.0
remot,18362.209090909088,217.0,217.0
seamless,18345.909375000003,218.0,218.0
compris,18337.0,219.0,219.0
advantag,18334.175675675677,220.0,220.0
obtain,18274.850000000002,221.0,221.0
sensordepend,18156.234375,222.0,222.0
persist,18127.311,223.0,223.0
email,18109.88947368421,224.0,224.0
bluetooth,18072.93793103448,225.0,225.0
wherefor,18049.59642857143,226.0,226.0
check,18041.746153846158,227.0,227.0
visibl,18017.472,228.0,228.0
leav,18007.916666666664,229.0,229.0
technolog,17962.5625,230.0,230.0
fuse,17958.8625,231.0,231.0
campu,17932.425,232.0,232.0
similar,17908.66,233.0,233.0
pass,17871.98,234.0,234.0
design,17826.222222222223,235.0,235.0
timestamp,17727.1925,236.0,236.0
left,17716.798611111113,237.0,237.0
execut,17667.138793103448,238.0,238.0
mechan,17653.77232142857,239.0,239.0
deriv,17609.409,240.0,240.0
term,17584.149999999998,241.0,241.0
team,17573.879166666666,242.0,242.0
solut,17545.335714285717,243.0,243.0
sim,17531.169230769232,244.0,244.0
belong,17515.980000000003,245.0,245.0
transform,17493.0,246.0,246.0
compar,17427.256,247.0,247.0
offer,17424.283333333333,248.0,248.0
creat,17417.58068181818,249.0,249.0
andor,17412.177272727276,250.0,250.0
particip,17386.875,251.0,251.0
protocol,17377.22222222222,252.0,252.0
remind,17359.864583333336,253.0,253.0
contextsensit,17353.925925925927,254.0,254.0
primari,17353.11111111111,255.0,255.0
poor,17280.424,256.0,256.0
transmit,17212.585185185184,257.0,257.0
core,17207.5640625,258.0,258.0
flexibl,17182.65,259.0,259.0
extens,17151.802884615387,260.0,260.0
pervas,17087.285483870968,261.0,261.0
algorithm,17059.7575,262.0,262.0
world,17008.979310344825,263.0,263.0
criteria,16989.892857142855,264.0,264.0
geograph,16869.521739130436,265.0,265.0
middlewar,16797.271153846155,266.0,266.0
databas,16768.977777777778,267.0,267.0
fusionattribut,16762.826612903227,268.0,268.0
softwar,16747.958333333332,269.0,269.0
classif,16738.474324324325,270.0,270.0
built,16732.350000000002,271.0,271.0
improv,16704.96370967742,272.0,272.0
contextu,16578.21724137931,273.0,273.0
move,16446.69090909091,274.0,274.0
local,16429.47,275.0,275.0
reduc,16429.23333333333,276.0,276.0
minimum,16429.23333333333,276.0,276.0
bound,16398.375,277.0,278.0
calcul,16361.113157894735,278.0,279.0
task,16283.205405405408,279.0,280.0
lowlevel,16242.2,280.0,281.0
dview,16200.722222222219,281.0,282.0
minut,16131.797058823528,282.0,283.0
ubiquit,16102.476923076923,283.0,284.0
formal,16067.465217391305,284.0,285.0
merg,15987.055,285.0,286.0
process,15957.233695652174,286.0,287.0
categori,15924.062,287.0,288.0
format,15907.684375,288.0,289.0
abil,15807.890625,289.0,290.0
short,15803.68695652174,290.0,291.0
assign,15792.066666666664,291.0,292.0
disturb,15790.658333333331,292.0,293.0
locationsens,15784.809677419355,293.0,294.0
remain,15590.287999999999,294.0,295.0
character,15566.576086956522,295.0,296.0
descript,15552.75185185185,296.0,297.0
allow,15503.062500000002,297.0,298.0
wide,15444.52380952381,298.0,299.0
day,15396.111111111108,299.0,300.0
queri,15349.599999999999,300.0,301.0
give,15288.195652173914,301.0,302.0
repositori,15249.05,302.0,303.0
measur,15207.99,303.0,304.0
easi,15200.588000000002,304.0,305.0
artefact,15180.608333333332,305.0,306.0
notif,15177.805263157892,306.0,307.0
comprehens,15167.63310810811,307.0,308.0
usabl,15154.172297297298,308.0,309.0
connect,15142.148863636365,309.0,310.0
prototyp,15115.820454545454,310.0,311.0
distil,15042.4375,311.0,312.0
look,14962.23181818182,312.0,313.0
proximityinform,14918.00625,313.0,314.0
encapsulationattribut,14849.317741935482,314.0,315.0
lead,14808.10185185185,315.0,316.0
sensorindepend,14795.6125,316.0,317.0
administr,14769.104,317.0,318.0
static,14754.5925,318.0,319.0
contextinform,14738.563636363639,319.0,320.0
simpli,14731.717857142856,320.0,321.0
recognit,14701.419117647058,321.0,322.0
anytim,14680.129545454547,322.0,323.0
crucial,14678.243999999999,323.0,324.0
layer,14605.429347826086,324.0,325.0
common,14600.755555555555,325.0,326.0
individu,14561.300000000001,326.0,327.0
run,14541.800000000001,327.0,328.0
due,14515.563000000002,328.0,329.0
consist,14468.521153846157,329.0,330.0
correspond,14443.199999999999,330.0,331.0
actual,14416.95,331.0,332.0
transport,14351.842592592591,332.0,333.0
coverag,14334.320000000002,333.0,334.0
found,14297.345833333333,334.0,335.0
control,14266.702419354839,335.0,336.0
name,14258.151136363635,336.0,337.0
profil,14258.151136363635,336.0,337.0
id,14232.650000000001,337.0,339.0
effect,14167.872,338.0,340.0
shown,14161.0625,339.0,341.0
oper,14047.800000000001,340.0,342.0
recipi,14004.9,341.0,343.0
side,13949.24375,342.0,344.0
aggreg,13854.42361111111,343.0,345.0
written,13793.389473684208,344.0,346.0
radio,13757.796,345.0,347.0
action,13751.833333333332,346.0,348.0
confer,13721.61,347.0,349.0
coars,13588.087,348.0,350.0
availabilitystatu,13531.082500000002,349.0,351.0
back,13523.566666666666,350.0,352.0
power,13491.066666666666,351.0,353.0
collabor,13470.1875,352.0,354.0
gather,13363.056,353.0,355.0
notion,13351.492647058825,354.0,356.0
aim,13340.966666666665,355.0,357.0
receiv,13320.737903225805,356.0,358.0
secondari,13281.484523809524,357.0,359.0
lectur,13185.772727272728,358.0,360.0
onlin,13167.4375,359.0,361.0
end,13124.18947368421,360.0,362.0
eas,13123.864000000001,361.0,363.0
replac,13117.698750000001,362.0,364.0
exampl,13115.666666666666,363.0,365.0
knowledg,13115.032432432434,364.0,366.0
space,13071.8,365.0,367.0
load,13070.166666666664,366.0,368.0
deliveri,13050.121296296295,367.0,369.0
occurr,13010.55,368.0,370.0
threedimension,12918.558823529413,369.0,371.0
meter,12847.281818181818,370.0,372.0
clock,12816.3,371.0,373.0
ongo,12732.4140625,372.0,374.0
achiev,12640.315217391304,373.0,375.0
comment,12589.675,374.0,376.0
suffici,12495.8,375.0,377.0
storag,12468.038,376.0,378.0
util,12425.241216216218,377.0,379.0
regist,12414.808333333332,378.0,380.0
cope,12383.988235294117,379.0,381.0
attent,12381.913,380.0,382.0
availabilitymanag,12377.805000000002,381.0,383.0
frontend,12352.965,382.0,384.0
ecarul,12352.477173913043,383.0,385.0
fulli,12303.802000000001,384.0,386.0
discuss,12288.535714285716,385.0,387.0
flower,12257.764285714286,386.0,388.0
purpos,12225.627272727274,387.0,389.0
step,12155.81111111111,388.0,390.0
workspac,12155.625,389.0,391.0
way,12115.484523809524,390.0,392.0
question,12064.8,391.0,393.0
full,12002.5,392.0,394.0
note,12000.882352941175,393.0,395.0
sum,11925.294444444444,394.0,396.0
manual,11876.721428571427,395.0,397.0
thesi,11801.43,396.0,398.0
phd,11801.43,396.0,398.0
need,11729.375,397.0,400.0
autom,11497.329375000001,398.0,401.0
acquisit,11497.329375000001,398.0,401.0
deploy,11459.6625,399.0,403.0
numer,11356.923958333333,400.0,404.0
underli,11309.23181818182,401.0,405.0
exploit,11309.23181818182,401.0,405.0
ideal,11197.625,402.0,407.0
bring,11187.73148148148,403.0,408.0
mous,11177.099999999999,404.0,409.0
stronger,11177.099999999999,404.0,409.0
older,11177.099999999999,404.0,409.0
footprint,11177.099999999999,404.0,409.0
fade,11177.099999999999,404.0,409.0
add,11155.585000000001,405.0,414.0
informationgroup,11155.585000000001,405.0,414.0
plugin,11082.27272727273,406.0,416.0
concern,10981.242391304346,407.0,417.0
share,10872.121874999999,408.0,418.0
locationcontext,10870.989583333332,409.0,419.0
birth,10771.158823529411,410.0,420.0
geometr,10756.186363636365,411.0,421.0
disadvantag,10715.74090909091,412.0,422.0
infrastructur,10704.917857142858,413.0,423.0
leonhard,10656.6625,414.0,424.0
ferscha,10646.371551724138,415.0,425.0
perceptualis,10593.473333333335,416.0,426.0
dedic,10593.473333333335,416.0,426.0
contrast,10550.24107142857,417.0,428.0
computercommun,10513.065625,418.0,429.0
subject,10513.065625,418.0,429.0
experiment,10472.916666666668,419.0,431.0
signal,10368.28,420.0,432.0
typic,10367.33306451613,421.0,433.0
freeli,10321.43125,422.0,434.0
mac,10262.421874999998,423.0,435.0
suppli,10257.886363636364,424.0,436.0
piec,10247.833333333332,425.0,437.0
complex,10247.833333333332,425.0,437.0
serial,10246.236,426.0,439.0
enumer,10216.504166666666,427.0,440.0
interpret,10177.875,428.0,441.0
usermachin,10151.083333333334,429.0,442.0
principl,10151.083333333334,429.0,442.0
quick,10132.968181818182,430.0,444.0
planview,10132.968181818182,430.0,444.0
creation,10067.470454545453,431.0,446.0
divers,10021.571875000001,432.0,447.0
surplu,9982.163888888888,433.0,448.0
keep,9905.06447368421,434.0,449.0
focus,9905.06447368421,434.0,449.0
graphic,9879.157894736842,435.0,451.0
unabl,9862.613636363636,436.0,452.0
let,9847.947,437.0,453.0
metainform,9845.826136363637,438.0,454.0
strongli,9809.05,439.0,455.0
decreas,9809.05,439.0,455.0
resubmit,9777.517647058825,440.0,457.0
chanc,9777.517647058825,440.0,457.0
aspect,9773.894047619047,441.0,459.0
movement,9758.693181818182,442.0,460.0
caus,9749.25394736842,443.0,461.0
multitud,9738.195,444.0,462.0
sure,9700.723684210527,445.0,463.0
softwareframework,9667.85,446.0,464.0
behaviour,9638.8,447.0,465.0
conform,9634.52380952381,448.0,466.0
problem,9628.67857142857,449.0,467.0
studi,9610.85,450.0,468.0
usercentr,9602.997727272728,451.0,469.0
unimport,9518.175000000001,452.0,470.0
prevent,9518.175000000001,452.0,470.0
organiz,9516.625,453.0,472.0
institut,9477.690517241379,454.0,473.0
log,9470.214285714284,455.0,474.0
past,9470.214285714284,455.0,474.0
potenti,9464.9,456.0,476.0
decis,9452.372222222222,457.0,477.0
partli,9415.715624999999,458.0,478.0
close,9381.229411764707,459.0,479.0
benefit,9349.297826086955,460.0,480.0
subchapt,9349.297826086955,460.0,480.0
instantmesseng,9310.84375,461.0,482.0
locationhistori,9301.921875,462.0,483.0
identif,9294.85,463.0,484.0
frequenc,9294.85,463.0,484.0
job,9276.872368421053,464.0,486.0
amount,9265.165,465.0,487.0
critic,9264.405405405405,466.0,488.0
depend,9264.323863636364,467.0,489.0
rout,9259.650000000001,468.0,490.0
vrmlmodel,9247.623529411763,469.0,491.0
idea,9222.48,470.0,492.0
techniqu,9199.757258064516,471.0,493.0
contextdimens,9191.916666666666,472.0,494.0
groupcontext,9191.916666666666,472.0,494.0
futur,9191.25,473.0,496.0
repositorylookup,9148.4225,474.0,497.0
contextattribut,9110.94193548387,475.0,498.0
bluetoothbas,9099.377272727274,476.0,499.0
bluetoothimplement,9099.377272727274,476.0,499.0
provis,9093.25,477.0,501.0
corridor,9085.684090909092,478.0,502.0
peertopeercommun,9042.25,479.0,503.0
thing,9041.75,480.0,504.0
paramet,9041.75,480.0,504.0
runtim,9011.551851851851,481.0,506.0
nativ,8978.772413793104,482.0,507.0
sensorimplement,8978.772413793104,482.0,507.0
challeng,8939.1328125,483.0,509.0
document,8934.078125,484.0,510.0
constantli,8919.56875,485.0,511.0
georgia,8913.06,486.0,512.0
offlin,8911.204545454546,487.0,513.0
date,8907.6,488.0,514.0
drop,8907.6,488.0,514.0
expiri,8907.6,488.0,514.0
post,8876.657142857142,489.0,517.0
read,8876.657142857142,489.0,517.0
killer,8796.375,490.0,519.0
separ,8781.78,491.0,520.0
unload,8778.9,492.0,521.0
historybas,8775.703125,493.0,522.0
difficult,8687.560227272726,494.0,523.0
sampl,8687.560227272726,494.0,523.0
rate,8687.560227272726,494.0,523.0
assembl,8667.342857142856,495.0,526.0
theori,8624.653333333334,496.0,527.0
basic,8573.756,497.0,528.0
univers,8498.442857142858,498.0,529.0
mention,8492.553333333333,499.0,530.0
request,8486.508333333333,500.0,531.0
major,8437.858333333334,501.0,532.0
observ,8421.783870967742,502.0,533.0
window,8399.649,503.0,534.0
modular,8384.716071428571,504.0,535.0
configur,8361.507142857143,505.0,536.0
rfidread,8356.86,506.0,537.0
hierarch,8354.025,507.0,538.0
accuracylevel,8347.791666666666,508.0,539.0
synonym,8335.65,509.0,540.0
choos,8335.65,509.0,540.0
imperi,8326.607692307693,510.0,542.0
london,8326.607692307693,510.0,542.0
wellknown,8316.287999999999,511.0,544.0
levelofdetail,8286.867999999999,512.0,545.0
dviewer,8276.820588235294,513.0,546.0
manner,8272.477777777778,514.0,547.0
floorplanbas,8272.477777777778,514.0,547.0
project,8264.132692307694,515.0,549.0
scienc,8257.34,516.0,550.0
schilit,8205.085714285713,517.0,551.0
bn,8205.085714285713,517.0,551.0
high,8152.252500000001,518.0,553.0
dey,8143.125,519.0,554.0
phone,8136.11590909091,520.0,555.0
call,8136.11590909091,520.0,555.0
region,8104.800000000001,521.0,557.0
clientsideimplement,8103.849999999999,522.0,558.0
directli,8102.325,523.0,559.0
follow,8102.325,523.0,559.0
eventbas,8047.799999999999,524.0,561.0
season,8036.466666666665,525.0,562.0
temperatur,8036.466666666665,525.0,562.0
split,7975.4738636363645,526.0,564.0
colleg,7952.128333333333,527.0,565.0
usa,7944.218181818182,528.0,566.0
orlando,7944.218181818182,528.0,566.0
gissattribut,7866.767647058824,529.0,568.0
least,7823.564583333334,530.0,569.0
upper,7823.564583333334,530.0,569.0
simpler,7811.861538461538,531.0,571.0
workshop,7792.8375,532.0,572.0
unplug,7787.648214285714,533.0,573.0
objectseg,7760.215217391305,534.0,574.0
green,7752.571666666667,535.0,575.0
circl,7752.571666666667,535.0,575.0
conveni,7703.077777777778,536.0,577.0
captur,7676.09375,537.0,578.0
memori,7676.09375,537.0,578.0
anyplac,7676.09375,537.0,578.0
similarli,7668.505263157894,538.0,581.0
write,7668.505263157894,538.0,581.0
proxi,7665.760869565218,539.0,583.0
boolean,7650.6285714285705,540.0,584.0
timeconsum,7647.283000000001,541.0,585.0
comparison,7647.283000000001,541.0,585.0
express,7639.5711538461555,542.0,587.0
demand,7636.094117647058,543.0,588.0
hall,7629.581818181819,544.0,589.0
sampler,7629.5199999999995,545.0,590.0
archaeolog,7608.7375,546.0,591.0
forumlik,7608.184615384615,547.0,592.0
bluetoothmodul,7578.889772727272,548.0,593.0
calibr,7562.511111111111,549.0,594.0
big,7562.511111111111,549.0,594.0
special,7552.576315789474,550.0,596.0
daili,7540.955882352941,551.0,597.0
month,7540.955882352941,551.0,597.0
logic,7540.955882352941,551.0,597.0
cp,7516.1392857142855,552.0,600.0
congruenc,7507.9206521739125,553.0,601.0
owner,7503.676470588235,554.0,602.0
hidden,7486.882407407407,555.0,603.0
appear,7486.882407407407,555.0,603.0
highest,7485.8083333333325,556.0,605.0
clientattribut,7484.953846153847,557.0,606.0
uniform,7484.953846153847,557.0,606.0
sensordata,7484.953846153847,557.0,606.0
test,7472.916666666666,558.0,609.0
period,7472.916666666666,558.0,609.0
paper,7448.879310344828,559.0,611.0
childloc,7404.730263157894,560.0,612.0
outdoor,7365.855681818182,561.0,613.0
incompar,7346.339285714285,562.0,614.0
unresolv,7346.339285714285,562.0,614.0
commentfeatur,7313.1882352941175,563.0,616.0
rssi,7272.143999999999,564.0,617.0
rfidtag,7272.143999999999,564.0,617.0
ephemer,7246.283333333334,565.0,619.0
broadli,7218.466666666666,566.0,620.0
wheel,7218.466666666666,566.0,620.0
reinvent,7218.466666666666,566.0,620.0
desk,7205.925,567.0,623.0
confront,7197.307894736841,568.0,624.0
biggest,7197.307894736841,568.0,624.0
qualifi,7122.5888888888885,569.0,626.0
contactlist,7122.5888888888885,569.0,626.0
click,7122.5888888888885,569.0,626.0
availabilityst,7097.287499999999,570.0,629.0
fulfil,7056.07205882353,571.0,630.0
opportun,7056.07205882353,571.0,630.0
wang,7043.2692307692305,572.0,632.0
gupta,7043.2692307692305,572.0,632.0
sk,7043.2692307692305,572.0,632.0
bodili,7043.2692307692305,572.0,632.0
pasco,7017.2,573.0,636.0
screenshot,6980.691666666666,574.0,637.0
bracket,6980.691666666666,574.0,637.0
return,6977.556818181819,575.0,639.0
locationrel,6977.556818181819,575.0,639.0
scan,6975.072,576.0,641.0
plug,6975.072,576.0,641.0
importantli,6905.2904761904765,577.0,643.0
absent,6863.235294117648,578.0,644.0
positioningsystem,6808.0984375,579.0,645.0
johann,6802.075,580.0,646.0
universitt,6802.075,580.0,646.0
stefan,6802.075,580.0,646.0
clemen,6802.075,580.0,646.0
kepler,6802.075,580.0,646.0
fr,6802.075,580.0,646.0
holzmann,6802.075,580.0,646.0
closer,6704.425,581.0,653.0
wirelessli,6701.716666666666,582.0,654.0
hide,6700.577777777778,583.0,655.0
socket,6631.912499999999,584.0,656.0
msn,6630.454545454546,585.0,657.0
meaning,6630.289772727273,586.0,658.0
sector,6630.289772727273,586.0,658.0
front,6630.289772727273,586.0,658.0
toplevel,6605.916666666665,587.0,661.0
pop,6600.5714285714275,588.0,662.0
criterion,6600.5714285714275,588.0,662.0
novemb,6577.433333333333,589.0,664.0
referenc,6538.4800000000005,590.0,665.0
know,6400.515789473684,591.0,666.0
groupentri,6400.515789473684,591.0,666.0
effort,6395.450999999999,592.0,668.0
strengthinform,6325.568181818182,593.0,669.0
modul,6325.568181818182,593.0,669.0
heighten,6263.427777777777,594.0,671.0
top,6263.427777777777,594.0,671.0
gisstoolbar,6263.427777777777,594.0,671.0
imag,6263.427777777777,594.0,671.0
button,6263.427777777777,594.0,671.0
locationinform,6263.427777777777,594.0,671.0
termin,6263.427777777777,594.0,671.0
catch,6226.863461538463,595.0,678.0
userinterfac,6209.2,596.0,679.0
initi,6203.26304347826,597.0,680.0
insert,6183.022222222222,598.0,681.0
reallif,6181.633333333332,599.0,682.0
floorplanview,6181.633333333332,599.0,682.0
counterpart,6181.633333333332,599.0,682.0
reach,6086.0404761904765,600.0,685.0
suitabl,6086.0404761904765,600.0,685.0
file,5908.379166666667,601.0,687.0
bluetoothtag,5794.545454545455,602.0,688.0
semant,5766.106666666667,603.0,689.0
section,5658.099999999999,604.0,690.0
host,5655.125,605.0,691.0
dissemin,5655.125,605.0,691.0
theimer,5655.125,605.0,691.0
printer,5626.533333333333,606.0,694.0
pure,5621.845238095238,607.0,695.0
softwarebas,5621.845238095238,607.0,695.0
track,5621.845238095238,607.0,695.0
commerci,5621.845238095238,607.0,695.0
campuswid,5621.845238095238,607.0,695.0
drawback,5595.347222222222,608.0,700.0
trace,5595.347222222222,608.0,700.0
reduct,5537.847222222222,609.0,702.0
cumul,5537.847222222222,609.0,702.0
prioriti,5537.847222222222,609.0,702.0
count,5537.847222222222,609.0,702.0
confid,5537.847222222222,609.0,702.0
nest,5391.5,610.0,707.0
necessarili,5391.5,610.0,707.0
ed,5367.894230769231,611.0,709.0
subtyp,5062.91875,612.0,710.0
columbia,5051.9125,613.0,711.0
stick,5020.9075,614.0,712.0
intellig,5019.192500000001,615.0,713.0
septemb,4958.4,616.0,714.0
unit,4958.4,616.0,714.0
domnitcheva,4907.01590909091,617.0,716.0
svetlana,4907.01590909091,617.0,716.0
enterpris,4888.1734375,618.0,718.0
wetic,4888.1734375,618.0,718.0
chen,4859.04,619.0,720.0
cybremind,4812.428571428571,620.0,721.0
abowd,4812.428571428571,620.0,721.0
handheld,4798.371428571428,621.0,723.0
huc,4798.371428571428,621.0,723.0
symposium,4798.371428571428,621.0,723.0
begin,4759.4,622.0,726.0
made,4615.0,623.0,727.0
interrel,4386.797058823529,624.0,728.0
dictionari,4386.797058823529,624.0,728.0
merriamwebst,4386.797058823529,624.0,728.0
jd,4345.150000000001,625.0,731.0
brown,4345.150000000001,625.0,731.0
bovey,4345.150000000001,625.0,731.0
pj,4345.150000000001,625.0,731.0
laboratori,4345.150000000001,625.0,731.0
attende,4132.207352941176,626.0,736.0
interest,4132.207352941176,626.0,736.0
research,3844.756666666666,627.0,738.0
survey,3844.756666666666,627.0,738.0
kotz,3844.756666666666,627.0,738.0
discov,3750.1630434782605,628.0,741.0
loader,3750.1630434782605,628.0,741.0
lookup,3750.1630434782605,628.0,741.0
march,3540.9500000000003,629.0,744.0
mehrmann,3443.6383333333333,630.0,745.0
beer,3443.6383333333333,630.0,745.0
christian,3443.6383333333333,630.0,745.0
behavior,3443.6383333333333,630.0,745.0
springer,2827.7499999999995,631.0,749.0
august,2811.0928571428567,632.0,750.0
austria,2811.0928571428567,632.0,750.0
twelfth,2801.905,633.0,752.0
mors,2579.3057692307693,634.0,753.0
ryan,2579.3057692307693,634.0,753.0
press,2549.5821428571426,635.0,755.0
societi,2549.5821428571426,635.0,755.0
hampshir,2427.8999999999996,636.0,757.0
technic,2427.8999999999996,636.0,757.0
dartmouth,2427.8999999999996,636.0,757.0
report,2427.8999999999996,636.0,757.0
june,2241.7923076923075,637.0,761.0
gaithersburg,2101.1321428571428,638.0,762.0
maryland,2101.1321428571428,638.0,762.0
exxon,1935.7499999999998,639.0,764.0
van,1935.7499999999998,639.0,764.0
leusen,1935.7499999999998,639.0,764.0
bristol,1800.7499999999998,640.0,767.0
uk,1800.7499999999998,640.0,767.0
