Name,IF,IFDenseRank,IFMinRank
aggreg,117461.64916666667,1.0,1.0
system,116679.98166666666,2.0,2.0
node,113414.20416666666,3.0,3.0
attribut,105089.34051724138,4.0,4.0
dht,99742.55862068966,5.0,5.0
applic,99695.07126436781,6.0,6.0
tree,98270.37527777777,7.0,7.0
network,97358.94540229885,8.0,8.0
sdim,96776.76666666666,9.0,9.0
updat,95058.18620689656,10.0,10.0
probe,94895.87586206898,11.0,11.0
propag,94392.7974137931,12.0,12.0
data,94187.95833333334,13.0,13.0
provid,90297.43333333333,14.0,14.0
distribut,90250.33472222222,15.0,15.0
flexibl,90045.88965517242,16.0,16.0
function,89888.44827586207,17.0,17.0
scalabl,86851.58735632183,18.0,18.0
valu,85270.26666666668,19.0,19.0
inform,84467.85083333333,20.0,20.0
domain,82954.70689655172,21.0,21.0
level,82692.28275862068,22.0,22.0
strategi,82355.66120689655,23.0,23.0
properti,81590.77931034483,24.0,24.0
figur,81318.90201149425,25.0,25.0
number,81291.6225,26.0,26.0
local,80936.66551724137,27.0,27.0
replic,80589.5125,28.0,28.0
rout,79434.25,29.0,29.0
oper,79181.80862068966,30.0,30.0
tabl,79030.97356321839,31.0,31.0
key,78357.80689655173,32.0,32.0
comput,78314.98965517242,33.0,33.0
instal,77144.94482758621,34.0,34.0
set,75893.58333333333,35.0,35.0
algorithm,75487.59137931034,36.0,36.0
result,73968.3775862069,37.0,37.0
api,73687.24913793104,38.0,38.0
adht,73120.85948275862,39.0,39.0
robust,72786.87385057472,40.0,40.0
reconfigur,72786.42155172414,41.0,41.0
root,72781.44597701149,42.0,42.0
perform,72743.0275862069,43.0,43.0
time,72221.23965517241,44.0,44.0
isol,72031.30804597701,45.0,45.0
note,71963.47701149425,46.0,46.0
support,71923.1158045977,47.0,47.0
increas,71715.65689655172,48.0,48.0
read,71649.76551724138,49.0,49.0
administr,71320.38620689655,50.0,50.0
abstract,71242.19942528736,51.0,51.0
reaggreg,70870.29333333333,52.0,52.0
type,70727.45574712644,53.0,53.0
virtual,69521.63793103448,54.0,54.0
global,69207.69109195404,55.0,55.0
queri,68977.38505747126,56.0,56.0
simpl,67527.69281609196,57.0,57.0
failur,66259.85431034483,58.0,58.0
experi,65619.14666666667,59.0,59.0
maintain,65443.64655172414,60.0,60.0
current,65299.91522988506,61.0,61.0
adapt,65264.11034482758,62.0,62.0
control,65209.44500000001,63.0,63.0
monitor,65051.011494252874,64.0,64.0
subtre,64955.04770114942,65.0,65.0
leaf,64394.22606060606,66.0,66.0
rang,63356.85333333333,67.0,67.0
write,63306.31034482759,68.0,68.0
latenc,63052.0551724138,69.0,69.0
design,62829.667241379306,70.0,70.0
approach,62781.791379310336,71.0,71.0
continu,62632.1224137931,72.0,72.0
requir,62620.533055555556,73.0,73.0
simul,62461.85948275861,74.0,74.0
hierarch,62437.49425287357,75.0,75.0
gener,62192.56,76.0,76.0
store,61925.46,77.0,77.0
addit,61904.45416666668,78.0,78.0
singl,61779.349137931036,79.0,79.0
larg,61673.27327586207,80.0,80.0
implement,61491.73333333333,81.0,81.0
file,60454.33194444445,82.0,82.0
path,60413.11379310345,83.0,83.0
astrolab,59894.61494252873,84.0,84.0
order,59808.61,85.0,85.0
locat,59644.569444444445,86.0,86.0
pastri,59643.19333333333,87.0,87.0
issu,59236.58706896551,88.0,88.0
section,58765.8025862069,89.0,89.0
protocol,58408.17192982456,90.0,90.0
ondemand,57869.43083333334,91.0,91.0
case,57637.31120689655,92.0,92.0
detail,57416.66886792452,93.0,93.0
respect,56938.85287356322,94.0,94.0
build,56865.489080459774,95.0,95.0
intern,56837.02068965518,96.0,96.0
mechan,56702.057499999995,97.0,97.0
machin,56036.8025862069,98.0,98.0
largescal,55633.885416666664,99.0,99.0
return,55556.33103448276,100.0,100.0
handl,55469.729885057466,101.0,101.0
updateup,55395.28909090909,102.0,102.0
interfac,55387.385,103.0,103.0
request,55327.65185185185,104.0,104.0
ensur,55100.629310344826,105.0,105.0
hash,54911.98879310345,106.0,106.0
cost,54839.2275862069,107.0,107.0
state,54517.835151515144,108.0,108.0
basic,54430.35555555555,109.0,109.0
initi,54393.362222222226,110.0,110.0
child,54062.47098765432,111.0,111.0
observ,53930.825287356325,112.0,112.0
lazi,53583.554022988515,113.0,113.0
answer,53474.731034482764,114.0,114.0
paramet,53420.246198830406,115.0,115.0
base,53015.101851851854,116.0,116.0
access,52993.6551724138,117.0,117.0
leve,52691.627469135805,118.0,118.0
reduct,52403.172222222216,119.0,119.0
manag,52354.66242424242,120.0,120.0
work,52235.152515723275,121.0,121.0
scheme,52155.59649122807,122.0,122.0
converg,52081.916666666664,123.0,123.0
present,52055.611224489796,124.0,124.0
satisfi,51928.24999999999,125.0,125.0
structur,51873.629629629635,126.0,126.0
send,51648.009259259255,127.0,127.0
effici,51512.16206896552,128.0,128.0
achiev,50758.75862068965,129.0,129.0
prototyp,50476.943030303024,130.0,130.0
gossip,50305.88024691358,131.0,131.0
affect,50235.11315789473,132.0,132.0
match,50092.51981132075,133.0,133.0
updateal,49801.121069182394,134.0,134.0
exist,49743.977011494244,135.0,135.0
servic,49609.423255813956,136.0,136.0
defin,49298.45359477124,137.0,137.0
receiv,49226.87160493827,138.0,138.0
ancestor,49168.188271604944,139.0,139.0
space,48971.723270440256,140.0,140.0
tupl,48943.374074074076,141.0,141.0
nearbi,48850.73775510205,142.0,142.0
compar,48785.44339622641,143.0,143.0
aml,48718.26666666667,144.0,144.0
illustr,48540.79433962264,145.0,145.0
broad,48454.10818181818,146.0,146.0
layer,48304.454545454544,147.0,147.0
multicast,47580.59920634921,148.0,148.0
yield,47515.54659090909,149.0,149.0
copi,47514.038888888885,150.0,150.0
load,47458.666666666664,151.0,151.0
depart,47210.525786163525,152.0,152.0
polici,47201.25,153.0,153.0
form,46699.93023255814,154.0,154.0
children,46439.45987654321,155.0,155.0
consist,46360.02583333333,156.0,156.0
techniqu,46216.53252032521,157.0,157.0
default,45971.6,158.0,158.0
occur,45963.625925925924,159.0,159.0
resourc,45881.26944444444,160.0,160.0
mib,45839.73333333334,161.0,161.0
least,45715.54878048781,162.0,162.0
object,45538.712790697675,163.0,163.0
spatial,45405.282758620684,164.0,164.0
leav,45308.02631578947,165.0,165.0
appli,45237.0875,166.0,166.0
hierarchi,45006.7518115942,167.0,167.0
size,44922.60818181818,168.0,168.0
improv,44813.96811594203,169.0,169.0
topolog,44749.578104575165,170.0,170.0
al,44679.61047619048,171.0,171.0
prefix,44649.164,172.0,172.0
origin,44546.39803921568,173.0,173.0
final,44525.52575757576,174.0,174.0
chang,44506.86571428571,175.0,175.0
construct,44388.14916666666,176.0,176.0
scale,44315.857547169806,177.0,177.0
sensor,44277.28571428571,178.0,178.0
make,44270.08130081301,179.0,179.0
intermedi,44218.22160493827,180.0,180.0
averag,44085.01984126984,181.0,181.0
guarante,43895.97083333333,182.0,182.0
small,43886.81172839506,183.0,183.0
eventu,43755.47836879433,184.0,184.0
name,43717.02898550725,185.0,185.0
argument,43693.42993197279,186.0,186.0
attrtyp,43671.00113636364,187.0,187.0
commun,43519.4623655914,188.0,188.0
limit,43465.84444444445,189.0,189.0
complet,43234.05390070922,190.0,190.0
peertop,43174.475,191.0,191.0
forc,43165.54814814815,192.0,192.0
detect,43121.01046511628,193.0,193.0
view,43085.56363636364,194.0,194.0
logic,43076.137500000004,195.0,195.0
develop,42884.8,196.0,196.0
particip,42777.72826086957,197.0,197.0
describ,42774.275,198.0,198.0
parent,42689.316666666666,199.0,199.0
start,42633.402777777774,200.0,200.0
convers,42616.277916666666,201.0,201.0
differ,42555.438095238096,202.0,202.0
updateloc,42543.85108695652,203.0,203.0
list,42492.308333333334,204.0,204.0
high,42486.0487804878,205.0,205.0
maximum,42363.67647058824,206.0,206.0
ratio,42362.033333333326,207.0,207.0
discuss,42342.56923076923,208.0,208.0
similarli,42184.433333333334,209.0,209.0
previou,42050.4962962963,210.0,210.0
cach,42025.66829268292,211.0,211.0
mode,42014.295666666665,212.0,212.0
due,41988.35333333333,213.0,213.0
point,41988.09305555555,214.0,214.0
messag,41937.57537878788,215.0,215.0
microbenchmark,41935.887931034486,216.0,216.0
stress,41910.28301886792,217.0,217.0
split,41857.896666666675,218.0,218.0
domainscop,41565.02857142857,219.0,219.0
readtowrit,41461.33861788618,220.0,220.0
count,41418.929385964904,221.0,221.0
expos,41376.46857142857,222.0,222.0
dynam,41298.83137254902,223.0,223.0
real,41232.2362745098,224.0,224.0
mesh,41224.9452991453,225.0,225.0
avail,41221.395597484276,226.0,226.0
multipl,41179.16666666666,227.0,227.0
arbitrari,41100.501470588235,228.0,228.0
research,41089.42558139535,229.0,229.0
readwrit,40990.209696969694,230.0,230.0
comparison,40936.1882183908,231.0,231.0
address,40896.45392156862,232.0,232.0
show,40873.43947368421,233.0,233.0
evalu,40730.94827586207,234.0,234.0
accommod,40569.49528301886,235.0,235.0
block,40524.24845679013,236.0,236.0
readdomin,40420.465833333335,237.0,237.0
find,40408.05535714285,238.0,238.0
notic,40234.85144927536,239.0,239.0
disconnect,40088.889473684205,240.0,240.0
execut,39769.083333333336,241.0,241.0
enabl,39732.848299319725,242.0,242.0
total,39663.52619047619,243.0,243.0
bit,39604.517,244.0,244.0
tempor,39547.70992907802,245.0,245.0
random,39420.958333333336,246.0,246.0
conform,39291.111363636366,247.0,247.0
membership,39249.171875,248.0,248.0
digit,38986.81621621622,249.0,249.0
partial,38970.58794326241,250.0,250.0
collect,38793.43333333333,251.0,251.0
forward,38759.0,252.0,252.0
includ,38745.92738095238,253.0,253.0
reduc,38607.15326086956,254.0,254.0
associ,38567.462499999994,255.0,255.0
spars,38290.22763157895,256.0,256.0
correspond,38259.375,257.0,257.0
specifi,38199.10897435898,258.0,258.0
chosen,38065.836752136755,259.0,259.0
stale,38026.051801801805,260.0,260.0
writedomin,37957.570175438595,261.0,261.0
step,37926.80625,262.0,262.0
session,37904.213953488375,263.0,263.0
allow,37882.89569892473,264.0,264.0
similar,37772.003947368416,265.0,265.0
built,37748.05925925926,266.0,266.0
bandwidth,37527.00384615385,267.0,267.0
simpli,37504.02647058824,268.0,268.0
branch,37496.333333333336,269.0,269.0
factor,37496.333333333336,269.0,269.0
restrict,37460.61818181819,270.0,271.0
wide,37283.28648648648,271.0,272.0
attrnam,37236.73604651163,272.0,273.0
exptim,37182.487984496125,273.0,274.0
share,37176.36666666667,274.0,275.0
host,37160.75769230769,275.0,276.0
secur,37158.11320754717,276.0,277.0
configur,37149.148148148146,277.0,278.0
incur,36991.721052631576,278.0,279.0
respons,36923.279279279275,279.0,280.0
fast,36900.76,280.0,281.0
pair,36899.08888888889,281.0,282.0
testb,36894.888666666666,282.0,283.0
extern,36720.42719298245,283.0,284.0
measur,36690.833333333336,284.0,285.0
part,36557.409375,285.0,286.0
planetlab,36515.82,286.0,287.0
correct,36427.90094339622,287.0,288.0
autonom,36427.7825,288.0,289.0
physic,36321.149305555555,289.0,290.0
leverag,36218.85804597701,290.0,291.0
demonstr,36214.06145833334,291.0,292.0
natur,36156.679487179485,292.0,293.0
creat,36151.65,293.0,294.0
aggress,36131.32894736842,294.0,295.0
pattern,36024.65138888889,295.0,296.0
line,35999.14393939394,296.0,297.0
heterogen,35883.040873015874,297.0,298.0
null,35882.82828282828,298.0,299.0
explain,35660.0575,299.0,300.0
map,35630.410344827586,300.0,301.0
fundament,35625.37843137255,301.0,302.0
serv,35555.470588235294,302.0,303.0
modifi,35345.85151515152,303.0,304.0
unmodifi,35345.48873873874,304.0,305.0
report,35272.43148148148,305.0,306.0
technic,35272.43148148148,305.0,306.0
call,35218.13444444444,306.0,308.0
trigger,35213.98461538461,307.0,309.0
reason,35194.84705882353,308.0,310.0
static,35157.65555555555,309.0,311.0
outstand,35119.85707070707,310.0,312.0
reevalu,34864.020114942534,311.0,313.0
length,34858.33,312.0,314.0
success,34766.411538461536,313.0,315.0
connect,34726.159195402295,314.0,316.0
destin,34614.162280701756,315.0,317.0
consumpt,34460.239655172416,316.0,318.0
contrast,34396.812,317.0,319.0
flow,34387.8275,318.0,320.0
unstructur,34307.416000000005,319.0,321.0
abil,34214.75000000001,320.0,322.0
memori,34150.950000000004,321.0,323.0
free,34150.950000000004,321.0,323.0
reach,34062.277777777774,322.0,325.0
expect,33690.11111111111,323.0,326.0
extens,33658.00747126437,324.0,327.0
plot,33601.27307692308,325.0,328.0
fail,33389.962666666666,326.0,329.0
avoid,33348.165591397854,327.0,330.0
contribut,33274.75666666667,328.0,331.0
recomput,33229.279687500006,329.0,332.0
nodeid,33171.938095238096,330.0,333.0
experiment,33039.60666666667,331.0,334.0
repair,32898.2756097561,332.0,335.0
pass,32884.91801801802,333.0,336.0
decid,32855.60571428572,334.0,337.0
lazili,32840.78088235294,335.0,338.0
program,32743.479487179487,336.0,339.0
subject,32626.255000000005,337.0,340.0
insert,32615.578125,338.0,341.0
scatter,32499.658680555553,339.0,342.0
enclos,32497.592592592588,340.0,343.0
track,32420.770833333336,341.0,344.0
sdimss,32406.954597701144,342.0,345.0
interest,32374.602222222224,343.0,346.0
iptp,32314.266666666666,344.0,347.0
fourth,32296.526881720427,345.0,348.0
subset,32155.199999999997,346.0,349.0
phase,31965.75438596491,347.0,350.0
demand,31870.26222222222,348.0,351.0
care,31835.328205128204,349.0,352.0
arrang,31726.492307692308,350.0,353.0
assign,31648.669444444444,351.0,354.0
cone,31631.8,352.0,355.0
term,31533.157500000005,353.0,356.0
tradeoff,31509.518666666663,354.0,357.0
span,31458.73111111111,355.0,358.0
knob,31417.425,356.0,359.0
packet,31306.239999999994,357.0,360.0
select,31226.651149425285,358.0,361.0
attain,31208.54487179487,359.0,362.0
spread,31126.574074074073,360.0,363.0
definit,31124.714285714283,361.0,364.0
relat,30990.068421052627,362.0,365.0
incorrect,30834.088888888888,363.0,366.0
extrem,30833.476666666662,364.0,367.0
export,30831.37037037037,365.0,368.0
rest,30746.517857142855,366.0,369.0
ip,30609.912666666663,367.0,370.0
plan,30608.86888888889,368.0,371.0
internet,30576.807692307695,369.0,372.0
low,30549.041666666664,370.0,373.0
underli,30525.146666666664,371.0,374.0
lower,30448.500666666667,372.0,375.0
enhanc,30416.82222222222,373.0,376.0
quantifi,30169.0,374.0,377.0
let,30020.0,375.0,378.0
presenc,29998.944444444445,376.0,379.0
aa,29986.60606060606,377.0,380.0
ident,29941.548,378.0,381.0
choos,29844.544761904763,379.0,382.0
signific,29527.792982456136,380.0,383.0
obtain,29511.977777777778,381.0,384.0
face,29506.813636363637,382.0,385.0
extend,29447.649056603772,383.0,386.0
probabl,29305.34901960785,384.0,387.0
second,29290.46875,385.0,388.0
numcpu,29216.463333333337,386.0,389.0
respond,29078.486666666668,387.0,390.0
augment,28994.3,388.0,391.0
long,28990.499999999996,389.0,392.0
max,28965.14754901961,390.0,393.0
repres,28919.510869565216,391.0,394.0
conclus,28909.184,392.0,395.0
synchron,28896.816666666666,393.0,396.0
tag,28784.399999999998,394.0,397.0
paper,28701.561274509804,395.0,398.0
flood,28675.954411764706,396.0,399.0
foo,28652.736666666668,397.0,400.0
march,28573.320000000003,398.0,401.0
common,28499.481818181815,399.0,402.0
act,28467.291666666664,400.0,403.0
desir,28384.469565217394,401.0,404.0
import,28189.693103448273,402.0,405.0
finit,27884.96333333333,403.0,406.0
plaxton,27875.755555555555,404.0,407.0
nonnul,27790.666666666664,405.0,408.0
aaa,27710.038461538465,406.0,409.0
updateupkdownj,27621.32195121951,407.0,410.0
flat,27571.400574712643,408.0,411.0
varieti,27144.234408602155,409.0,412.0
run,27085.568181818184,410.0,413.0
castro,26951.18333333333,411.0,414.0
search,26921.38095238095,412.0,415.0
main,26861.16363636364,413.0,416.0
overhead,26859.6,414.0,417.0
sensit,26842.29466666667,415.0,418.0
denot,26809.13181818182,416.0,419.0
wait,26763.554166666665,417.0,420.0
goal,26756.39766081871,418.0,421.0
tunabl,26750.982758620692,419.0,422.0
dhttreek,26562.22222222222,420.0,423.0
leas,26552.792307692307,421.0,424.0
nummachin,26552.19266666667,422.0,425.0
unreach,26423.072,423.0,426.0
touch,26383.775,424.0,427.0
stream,26337.38214285714,425.0,428.0
longer,26218.899509803923,426.0,429.0
overlay,26192.78850574713,427.0,430.0
proceed,26156.87361111111,428.0,431.0
kill,26054.82738095238,429.0,432.0
suggest,26045.685555555552,430.0,433.0
potenti,25991.948387096774,431.0,434.0
statu,25931.532222222224,432.0,435.0
invok,25861.8,433.0,436.0
summari,25847.486363636366,434.0,437.0
hop,25649.65,435.0,438.0
optim,25624.292424242427,436.0,439.0
metric,25577.32,437.0,440.0
special,25545.858333333337,438.0,441.0
hitter,25535.663157894734,439.0,442.0
heavi,25535.663157894734,439.0,442.0
major,25526.589473684206,440.0,444.0
innov,25526.589473684206,440.0,444.0
precis,25204.375,441.0,446.0
dasi,25038.28947368421,442.0,447.0
proce,24986.84,443.0,448.0
ni,24956.182291666668,444.0,449.0
contain,24950.833333333332,445.0,450.0
benchmark,24938.899999999998,446.0,451.0
suffer,24862.146428571425,447.0,452.0
forest,24786.977777777778,448.0,453.0
need,24772.83611111111,449.0,454.0
grace,24764.12672413793,450.0,455.0
modestli,24764.12672413793,450.0,455.0
magnitud,24764.12672413793,450.0,455.0
futur,24580.070175438595,451.0,458.0
infrastructur,24549.86020408163,452.0,459.0
entri,24546.666666666664,453.0,460.0
directori,24509.255555555552,454.0,461.0
dissemin,24421.693750000002,455.0,462.0
univers,24313.216666666664,456.0,463.0
hashattribut,24172.24444444444,457.0,464.0
sum,24150.28,458.0,465.0
imprecis,24104.574999999997,459.0,466.0
percentag,24081.629687499997,460.0,467.0
lead,23985.21481481481,461.0,468.0
willow,23939.32456140351,462.0,469.0
leasebas,23937.28260869565,463.0,470.0
consum,23894.11323529412,464.0,471.0
rare,23853.245370370365,465.0,472.0
numprocess,23853.245370370365,465.0,472.0
somo,23816.12192982456,466.0,474.0
oneshot,23767.331707317073,467.0,475.0
easi,23660.134895833333,468.0,476.0
revok,23637.55208333333,469.0,477.0
ftype,23573.637777777778,470.0,478.0
vitypenam,23573.637777777778,470.0,478.0
ti,23573.637777777778,470.0,478.0
numer,23438.620588235295,471.0,481.0
challeng,23428.17142857143,472.0,482.0
subscrib,23383.076111111113,473.0,483.0
smallest,23268.910344827586,474.0,484.0
updown,23229.106410256412,475.0,485.0
frequenc,23229.106410256412,475.0,485.0
adjust,23229.106410256412,475.0,485.0
benefit,23222.604166666664,476.0,488.0
inval,23176.908666666666,477.0,489.0
aggrfunc,23158.566666666666,478.0,490.0
pool,23135.586666666666,479.0,491.0
question,23124.057142857142,480.0,492.0
integ,23120.428571428572,481.0,493.0
interpret,23046.638888888887,482.0,494.0
idea,23040.896226415094,483.0,495.0
irrespect,23018.791666666664,484.0,496.0
valid,23018.791666666664,484.0,496.0
supernod,22962.368181818183,485.0,498.0
distanc,22928.45714285714,486.0,499.0
posit,22927.77361111111,487.0,500.0
nonzero,22927.77361111111,487.0,500.0
obviou,22892.672727272726,488.0,502.0
glanc,22892.672727272726,488.0,502.0
fuse,22892.672727272726,488.0,502.0
bbb,22882.154166666667,489.0,505.0
invalid,22813.398333333334,490.0,506.0
mark,22792.068000000003,491.0,507.0
identifi,22744.728947368425,492.0,508.0
readdir,22723.018390804602,493.0,509.0
simplifi,22706.38,494.0,510.0
typic,22687.166666666664,495.0,511.0
slow,22673.624666666667,496.0,512.0
domainrestrict,22608.45714285714,497.0,513.0
project,22501.623529411765,498.0,514.0
content,22498.773015873016,499.0,515.0
alongsid,22429.967999999997,500.0,516.0
window,22428.951449275362,501.0,517.0
byte,22428.951449275362,501.0,517.0
ipx,22428.951449275362,501.0,517.0
vanreness,22297.35,502.0,520.0
period,22263.89512195122,503.0,521.0
examin,22263.302941176473,504.0,522.0
combin,22216.822666666667,505.0,523.0
multibit,22177.549999999996,506.0,524.0
take,22176.861363636363,507.0,525.0
osdi,22130.0,508.0,526.0
sensoractu,22110.0,509.0,527.0
actuat,22110.0,509.0,527.0
acm,22108.486666666668,510.0,529.0
million,22029.25625,511.0,530.0
predomin,22000.862037037037,512.0,531.0
target,22000.862037037037,512.0,531.0
fresh,22000.512,513.0,533.0
downward,21962.16464646465,514.0,534.0
hold,21947.86,515.0,535.0
termin,21848.7,516.0,536.0
hook,21783.095833333333,517.0,537.0
util,21761.364705882355,518.0,538.0
pave,21761.364705882355,518.0,538.0
faulttoler,21645.5037037037,519.0,540.0
fetch,21620.99318181818,520.0,541.0
ongo,21608.0,521.0,542.0
effort,21608.0,521.0,542.0
practi,21554.185555555556,522.0,544.0
hint,21491.108333333337,523.0,545.0
explan,21464.927604166667,524.0,546.0
eas,21464.927604166667,524.0,546.0
skipnet,21461.295000000002,525.0,548.0
temporari,21460.670833333334,526.0,549.0
inprogress,21460.670833333334,526.0,549.0
proc,21415.52291666667,527.0,551.0
decreas,21399.327272727274,528.0,552.0
dahlin,21389.459469696973,529.0,553.0
shortcircuit,21331.02023809524,530.0,554.0
fourphas,21331.02023809524,530.0,554.0
previous,21331.02023809524,530.0,554.0
slightli,21298.115384615387,531.0,557.0
avgvvn,21283.2,532.0,558.0
department,21254.989583333336,533.0,559.0
druschel,21247.17222222222,534.0,560.0
meet,21230.34111111111,535.0,561.0
expiri,21228.31097560976,536.0,562.0
descript,21228.31097560976,536.0,562.0
gather,21225.677083333336,537.0,564.0
raw,21225.677083333336,537.0,564.0
account,21217.644444444442,538.0,566.0
easili,21168.85714285714,539.0,567.0
organ,21130.89696969697,540.0,568.0
power,21126.375,541.0,569.0
close,21084.573333333334,542.0,570.0
rootk,21084.485416666666,543.0,571.0
union,21084.485416666666,543.0,571.0
add,20985.696376811593,544.0,573.0
destbw,20985.696376811593,544.0,573.0
piec,20982.899999999998,545.0,575.0
decompos,20982.899999999998,545.0,575.0
group,20930.914285714283,546.0,577.0
databas,20904.41416666667,547.0,578.0
sparselyfil,20871.189583333333,548.0,579.0
advantag,20851.745238095238,549.0,580.0
central,20775.007407407404,550.0,581.0
analyz,20775.007407407404,550.0,581.0
networktopologysensit,20728.568333333333,551.0,583.0
perinterestset,20728.568333333333,551.0,583.0
neighbor,20715.994444444445,552.0,585.0
reaggr,20709.187500000004,553.0,586.0
sibl,20709.187500000004,553.0,586.0
rowstron,20641.169444444444,554.0,588.0
alarm,20591.189393939396,555.0,589.0
rais,20591.189393939396,555.0,589.0
inspir,20561.658666666666,556.0,591.0
draw,20561.658666666666,556.0,591.0
stop,20503.065476190477,557.0,593.0
yalagandula,20473.53636363636,558.0,594.0
spectrum,20459.587179487182,559.0,595.0
channel,20327.573076923076,560.0,596.0
dcccountdcount,20181.73333333333,561.0,597.0
pure,20123.474358974363,562.0,598.0
conveni,20118.822023809524,563.0,599.0
help,20105.167924528298,564.0,600.0
weak,20094.958333333336,565.0,601.0
redund,20079.149145299143,566.0,602.0
mirror,20039.336842105262,567.0,603.0
van,20014.32389937107,568.0,604.0
behavior,20006.87857142857,569.0,605.0
receipt,19985.64090909091,570.0,606.0
idown,19985.64090909091,570.0,606.0
behalf,19934.764666666666,571.0,608.0
retri,19934.521666666664,572.0,609.0
fresher,19934.521666666664,572.0,609.0
thought,19893.390000000003,573.0,611.0
cs,19851.43333333333,574.0,612.0
thousand,19803.81458333333,575.0,613.0
enterpris,19803.81458333333,575.0,613.0
today,19803.81458333333,575.0,613.0
refer,19785.126315789472,576.0,616.0
commerci,19770.333333333332,577.0,617.0
academ,19770.333333333332,577.0,617.0
austin,19743.792424242423,578.0,619.0
outstandingprob,19715.641228070173,579.0,620.0
newparentpar,19715.641228070173,579.0,620.0
theimer,19713.12575757576,580.0,622.0
placement,19706.51623931624,581.0,623.0
attributenam,19670.742222222223,582.0,624.0
consider,19541.46376811594,583.0,625.0
process,19530.572435897437,584.0,626.0
plane,19512.264215686275,585.0,627.0
specif,19500.071111111112,586.0,628.0
nonuniform,19403.914285714283,587.0,629.0
logn,19362.552222222224,588.0,630.0
fileloc,19335.233333333334,589.0,631.0
computercommun,19326.92875,590.0,632.0
systemsnetwork,19326.92875,590.0,632.0
certificatebas,19321.656944444443,591.0,634.0
bloom,19315.0,592.0,635.0
outlin,19310.56944444444,593.0,636.0
deploy,19237.146078431375,594.0,637.0
facilit,19237.146078431375,594.0,637.0
backbon,19237.146078431375,594.0,637.0
discard,19168.00984848485,595.0,640.0
reset,19168.00984848485,595.0,640.0
link,19118.03456790123,596.0,642.0
pick,19103.26607142857,597.0,643.0
vtypenam,19096.822666666667,598.0,644.0
resili,19034.672839506173,599.0,645.0
refetch,19014.146341463416,600.0,646.0
texa,18950.246969696975,601.0,647.0
compris,18915.332183908045,602.0,648.0
repeat,18913.59702380952,603.0,649.0
notifi,18891.121874999997,604.0,650.0
proxim,18835.758620689656,605.0,651.0
back,18805.351515151513,606.0,652.0
argu,18798.380645161287,607.0,653.0
distant,18771.449999999997,608.0,654.0
death,18771.449999999997,608.0,654.0
sophia,18769.31388888889,609.0,656.0
levelk,18749.315789473683,610.0,657.0
extract,18684.5375,611.0,658.0
upto,18613.035000000003,612.0,659.0
moder,18612.030666666666,613.0,660.0
conclud,18612.030666666666,613.0,660.0
good,18612.030666666666,613.0,660.0
lowlevel,18580.18583333333,614.0,663.0
prefetch,18578.986206896552,615.0,664.0
systemsbuild,18539.192592592593,616.0,665.0
hide,18539.192592592593,616.0,665.0
coarsergrain,18534.831746031745,617.0,667.0
progress,18534.831746031745,617.0,667.0
oct,18456.529166666667,618.0,669.0
scienc,18420.225757575758,619.0,670.0
ganglia,18344.399999999998,620.0,671.0
instanc,18324.988235294117,621.0,672.0
ran,18324.988235294117,621.0,672.0
core,18305.639316239318,622.0,674.0
format,18305.639316239318,622.0,674.0
compon,18305.639316239318,622.0,674.0
react,18305.639316239318,622.0,674.0
depend,18294.66,623.0,678.0
gb,18171.555555555555,624.0,679.0
envis,18161.111111111113,625.0,680.0
skip,18156.056249999998,626.0,681.0
tune,18127.903333333335,627.0,682.0
inexpens,18020.849523809524,628.0,683.0
travers,18020.849523809524,628.0,683.0
transmit,18020.849523809524,628.0,683.0
reissu,18001.496153846158,629.0,686.0
suspect,18001.496153846158,629.0,686.0
refresh,18001.496153846158,629.0,686.0
modif,17990.20588235294,630.0,689.0
descend,17988.185185185186,631.0,690.0
fvskvn,17832.04347826087,632.0,691.0
ffvv,17832.04347826087,632.0,691.0
fvsv,17832.04347826087,632.0,691.0
fvvn,17832.04347826087,632.0,691.0
difficult,17824.297777777778,633.0,695.0
insist,17824.297777777778,633.0,695.0
instant,17824.297777777778,633.0,695.0
imposs,17824.297777777778,633.0,695.0
lepreau,17753.026100628933,634.0,699.0
background,17711.32857142857,635.0,700.0
independ,17683.0637254902,636.0,701.0
excess,17661.139705882353,637.0,702.0
shenker,17651.760000000002,638.0,703.0
aspect,17560.028333333335,639.0,704.0
studi,17560.028333333335,639.0,704.0
immedi,17523.75,640.0,706.0
lowest,17470.413333333334,641.0,707.0
move,17470.413333333334,641.0,707.0
sigcomm,17467.916666666668,642.0,709.0
activ,17462.85777777778,643.0,710.0
snmp,17325.675438596492,644.0,711.0
publishsubscrib,17290.62222222222,645.0,712.0
expens,17256.966025641028,646.0,713.0
multiattribut,17256.966025641028,646.0,713.0
middlewar,17205.488333333335,647.0,715.0
workload,17202.544871794875,648.0,716.0
understand,17202.544871794875,648.0,716.0
newchild,17166.05138888889,649.0,718.0
failedchild,17166.05138888889,649.0,718.0
newpar,17166.05138888889,649.0,718.0
greater,17151.654166666667,650.0,721.0
situat,17148.409,651.0,722.0
short,17148.409,651.0,722.0
nonmatch,17094.89375,652.0,724.0
tie,17094.89375,652.0,724.0
filter,17082.079710144928,653.0,726.0
cope,17082.079710144928,653.0,726.0
tr,17068.17777777778,654.0,728.0
sumcount,17052.88888888889,655.0,729.0
tx,17047.338636363635,656.0,730.0
intradomain,17029.598076923077,657.0,731.0
administrasess,17029.598076923077,657.0,731.0
nack,16958.321666666667,658.0,733.0
hope,16939.03611111111,659.0,734.0
terminolog,16828.985964912277,660.0,735.0
directli,16787.47435897436,661.0,736.0
appear,16787.47435897436,661.0,736.0
degrad,16785.567901234568,662.0,738.0
extra,16785.567901234568,662.0,738.0
trade,16695.63,663.0,740.0
semant,16649.05,664.0,741.0
hotnetsii,16612.013888888887,665.0,742.0
mcast,16604.933333333334,666.0,743.0
myipaddress,16604.933333333334,666.0,743.0
attributetyp,16604.933333333334,666.0,743.0
crucial,16522.57463768116,667.0,746.0
refin,16522.57463768116,667.0,746.0
realworld,16522.57463768116,667.0,746.0
reveal,16482.42,668.0,749.0
server,16431.13472222222,669.0,750.0
organiz,16423.74358974359,670.0,751.0
way,16411.65,671.0,752.0
languag,16251.726388888888,672.0,753.0
multitre,16250.740740740739,673.0,754.0
dhtbase,16250.740740740739,673.0,754.0
garbag,16236.953658536586,674.0,756.0
soft,16236.953658536586,674.0,756.0
renew,16236.953658536586,674.0,756.0
kth,16183.328282828283,675.0,759.0
st,16183.328282828283,675.0,759.0
upward,16183.328282828283,675.0,759.0
cluster,16181.266666666665,676.0,762.0
submiss,16177.866666666667,677.0,763.0
baselin,16131.038636363635,678.0,764.0
fall,16131.038636363635,678.0,764.0
replica,16131.038636363635,678.0,764.0
vahdat,15943.17672955975,679.0,767.0
opposit,15916.21369047619,680.0,768.0
birman,15888.743589743592,681.0,769.0
rate,15718.848275862068,682.0,770.0
priorit,15718.848275862068,682.0,770.0
olston,15709.375000000002,683.0,772.0
widom,15709.375000000002,683.0,772.0
calculatesum,15655.831578947367,684.0,774.0
stoica,15617.944444444445,685.0,775.0
hexadecim,15584.689999999999,686.0,776.0
row,15584.689999999999,686.0,776.0
ith,15584.689999999999,686.0,776.0
model,15527.944444444445,687.0,779.0
declar,15527.944444444445,687.0,779.0
calcul,15527.944444444445,687.0,779.0
complementari,15527.516666666668,688.0,782.0
boundari,15521.246078431373,689.0,783.0
closest,15521.246078431373,689.0,783.0
introduc,15521.246078431373,689.0,783.0
primari,15510.18735632184,690.0,786.0
popul,15510.18735632184,690.0,786.0
secondari,15510.18735632184,690.0,786.0
lose,15480.126666666669,691.0,789.0
stay,15480.126666666669,691.0,789.0
backward,15480.126666666669,691.0,789.0
rule,15461.178947368418,692.0,792.0
decis,15431.998333333335,693.0,793.0
simplic,15426.199999999999,694.0,794.0
chun,15395.653333333335,695.0,795.0
signal,15339.149333333335,696.0,796.0
event,15339.149333333335,696.0,796.0
fire,15339.149333333335,696.0,796.0
inflict,15205.563333333335,697.0,799.0
dept,15147.41153846154,698.0,800.0
ratnasami,15123.710000000001,699.0,801.0
toc,15088.666666666666,700.0,802.0
java,15071.477272727272,701.0,803.0
rosco,15058.696666666669,702.0,804.0
output,15054.0,703.0,805.0
separ,15033.1,704.0,806.0
applicationeach,15019.9175,705.0,807.0
treat,15019.9175,705.0,807.0
practii,15019.9175,705.0,807.0
effect,15019.9175,705.0,807.0
task,15019.9175,705.0,807.0
week,15019.9175,705.0,807.0
contact,15019.9175,705.0,807.0
applicationsgiven,15019.9175,705.0,807.0
distinct,15019.9175,705.0,807.0
principl,14903.895454545454,706.0,816.0
visibl,14903.895454545454,706.0,816.0
live,14903.895454545454,706.0,816.0
versu,14862.54827586207,707.0,819.0
deeper,14862.54827586207,707.0,819.0
estan,14860.70652173913,708.0,821.0
amin,14773.559433962264,709.0,822.0
jc,14773.559433962264,709.0,822.0
review,14773.559433962264,709.0,822.0
grate,14773.559433962264,709.0,822.0
anonym,14773.559433962264,709.0,822.0
robert,14773.559433962264,709.0,822.0
jay,14773.559433962264,709.0,822.0
renesse,14773.559433962264,709.0,822.0
brown,14773.559433962264,709.0,822.0
vldb,14757.007407407407,710.0,831.0
journal,14650.945833333333,711.0,832.0
lan,14607.968253968254,712.0,833.0
workstat,14607.968253968254,712.0,833.0
sequenc,14463.324444444444,713.0,835.0
fill,14463.324444444444,713.0,835.0
hole,14463.324444444444,713.0,835.0
closer,14445.625,714.0,838.0
higher,14445.625,714.0,838.0
log,14421.3,715.0,840.0
conflict,14421.3,715.0,840.0
storag,14421.3,715.0,840.0
exchang,14421.3,715.0,840.0
stabl,14421.3,715.0,840.0
san,14421.3,715.0,840.0
bayou,14421.3,715.0,840.0
resolut,14421.3,715.0,840.0
prefer,14380.115151515154,716.0,848.0
samedomain,14380.115151515154,716.0,848.0
olgbn,14380.115151515154,716.0,848.0
nonleaf,14225.222222222223,717.0,851.0
overlap,14207.1,718.0,852.0
minim,14155.963333333331,719.0,853.0
metacomput,14140.163888888888,720.0,854.0
newchildchild,14012.350000000002,721.0,855.0
page,13989.311111111112,722.0,856.0
sept,13989.311111111112,722.0,856.0
mine,13955.416666666666,723.0,858.0
technolog,13955.416666666666,723.0,858.0
vogel,13729.969230769231,724.0,860.0
offer,13711.027777777776,725.0,861.0
adopt,13635.039999999999,726.0,862.0
propagateal,13635.039999999999,726.0,862.0
bozdog,13561.438095238094,727.0,864.0
near,13323.66857142857,728.0,865.0
barrier,13306.130303030304,729.0,866.0
exampl,13306.130303030304,729.0,866.0
datadiffus,13306.130303030304,729.0,866.0
vote,13306.130303030304,729.0,866.0
blgb,13258.400000000001,730.0,870.0
ncl,13258.400000000001,730.0,870.0
nc,13258.400000000001,730.0,870.0
input,13244.215104166668,731.0,873.0
resembl,13224.616666666665,732.0,874.0
transient,13224.616666666665,732.0,874.0
burst,13224.616666666665,732.0,874.0
correctli,13224.616666666665,732.0,874.0
reness,13198.095833333335,733.0,878.0
culler,13163.258333333333,734.0,879.0
massi,13163.258333333333,734.0,879.0
amount,13111.165204678362,735.0,881.0
unusu,13111.165204678362,735.0,881.0
problem,13111.165204678362,735.0,881.0
sourc,13111.165204678362,735.0,881.0
traffic,13111.165204678362,735.0,881.0
inact,12854.699999999999,736.0,886.0
failedchildchild,12854.699999999999,736.0,886.0
foundat,12806.23076923077,737.0,888.0
turn,12793.93181818182,738.0,889.0
usit,12752.300000000001,739.0,890.0
peterson,12648.35,740.0,891.0
wawrzoniak,12648.35,740.0,891.0
investig,12404.260526315788,741.0,893.0
perspect,12404.260526315788,741.0,893.0
venkataramani,12300.480000000001,742.0,895.0
router,12298.0875,743.0,896.0
highperform,12298.0875,743.0,896.0
streamprocess,12298.0875,743.0,896.0
summar,12245.585714285713,744.0,899.0
hellerstein,12124.7,745.0,900.0
gummadi,12053.038888888888,746.0,901.0
vari,11952.871296296296,747.0,902.0
framework,11691.109090909089,748.0,903.0
workshop,11507.650000000001,749.0,904.0
mobicom,11409.20238095238,750.0,905.0
dantzig,11183.315151515153,751.0,906.0
iyengar,11183.315151515153,751.0,906.0
terri,11114.241666666667,752.0,908.0
demer,11114.241666666667,752.0,908.0
spreitzer,11114.241666666667,752.0,908.0
petersen,11114.241666666667,752.0,908.0
sosp,11052.65,753.0,912.0
widearea,10892.109999999999,754.0,913.0
varghes,10836.233333333332,755.0,914.0
intrus,10656.771428571428,756.0,915.0
denial,10656.771428571428,756.0,915.0
fair,10656.771428571428,756.0,915.0
scan,10656.771428571428,756.0,915.0
mainten,10656.771428571428,756.0,915.0
alloc,10656.771428571428,756.0,915.0
worm,10656.771428571428,756.0,915.0
port,10656.771428571428,756.0,915.0
nossdav,10355.400000000001,757.0,923.0
web,10352.058333333334,758.0,924.0
site,10352.058333333334,758.0,924.0
lookup,10194.318055555555,759.0,926.0
nov,10155.2,760.0,927.0
supercomput,10155.2,760.0,927.0
sc,10155.2,760.0,927.0
environ,10050.366666666669,761.0,930.0
xor,9824.344444444445,762.0,931.0
kademlia,9824.344444444445,762.0,931.0
mazier,9745.022222222224,763.0,933.0
maymounkov,9745.022222222224,763.0,933.0
spring,9631.87037037037,764.0,935.0
wolski,9631.87037037037,764.0,935.0
hay,9631.87037037037,764.0,935.0
influenc,9516.5,765.0,938.0
heavili,9516.5,765.0,938.0
spaa,9412.944444444445,766.0,940.0
tini,9401.44,767.0,941.0
hong,9390.496666666666,768.0,942.0
franklin,9390.496666666666,768.0,942.0
madden,9390.496666666666,768.0,942.0
health,9306.076666666668,769.0,945.0
mogul,9234.4,770.0,946.0
govindan,9096.144444444446,771.0,947.0
estrin,9096.144444444446,771.0,947.0
intanagonwiwat,9096.144444444446,771.0,947.0
hand,9030.666666666666,772.0,950.0
mortier,9030.666666666666,772.0,950.0
jardetzki,9030.666666666666,772.0,950.0
jone,8906.666666666666,773.0,953.0
harvey,8906.666666666666,773.0,953.0
saroiu,8906.666666666666,773.0,953.0
wolman,8906.666666666666,773.0,953.0
zheng,8881.493333333332,774.0,957.0
gao,8881.493333333332,774.0,957.0
nayat,8881.493333333332,774.0,957.0
open,8878.4,775.0,960.0
paradigm,8849.268518518516,776.0,961.0
rajaraman,8845.1,777.0,962.0
richa,8845.1,777.0,962.0
zurich,8783.833333333334,778.0,964.0
eth,8783.833333333334,778.0,964.0
fudico,8212.133333333333,779.0,966.0
decentralis,8186.222727272727,780.0,967.0
feb,8106.45,781.0,968.0
malkhi,7992.533333333333,782.0,969.0
arnold,7971.046296296296,783.0,970.0
gahwil,7971.046296296296,783.0,970.0
albrecht,7971.046296296296,783.0,970.0
facil,7932.241666666667,784.0,973.0
ieee,7810.677272727274,785.0,974.0
jsac,7810.677272727274,785.0,974.0
architectur,7634.735,786.0,976.0
shi,7518.873333333333,787.0,977.0
sm,7518.873333333333,787.0,977.0
zhu,7518.873333333333,787.0,977.0
zhang,7518.873333333333,787.0,977.0
ngc,7112.95,788.0,981.0
novemb,7112.95,788.0,981.0
morri,6985.866666666667,789.0,983.0
sratnasami,6893.653333333334,790.0,984.0
mhandley,6893.653333333334,790.0,984.0
rkarp,6893.653333333334,790.0,984.0
gribbl,6709.266666666667,791.0,987.0
handley,6333.166666666666,792.0,988.0
karp,6333.166666666666,792.0,988.0
franci,6333.166666666666,792.0,988.0
hsieh,6245.238888888888,793.0,991.0
chord,6156.516666666666,794.0,992.0
kaashoek,6107.933333333333,795.0,993.0
karger,6107.933333333333,795.0,993.0
balakrishnan,6107.933333333333,795.0,993.0
confer,6079.636363636364,796.0,996.0
heapbas,5934.950000000001,797.0,997.0
mahadevan,5877.394444444443,798.0,998.0
bhagwan,5877.394444444443,798.0,998.0
ucsd,5827.280000000001,799.0,1000.0
ajoseph,5684.033333333333,800.0,1001.0
rkatz,5684.033333333333,800.0,1001.0
szhuang,5684.033333333333,800.0,1001.0
bzhao,5684.033333333333,800.0,1001.0
kubiatowicz,5555.4125,801.0,1005.0
joseph,5555.4125,801.0,1005.0
zhao,5555.4125,801.0,1005.0
impact,5454.68,802.0,1008.0
ucbcsd,5395.988888888889,803.0,1009.0
apr,5395.988888888889,803.0,1009.0
fisk,5005.106060606061,804.0,1011.0
hu,4876.354166666666,805.0,1012.0
pp,4805.570000000001,806.0,1013.0
contentdistribut,4738.351666666667,807.0,1014.0
mar,4439.233333333334,808.0,1015.0
elsevi,4439.233333333334,808.0,1015.0
speed,4168.181818181819,809.0,1017.0
bitmap,4168.181818181819,809.0,1017.0
msrtr,4091.4666666666667,810.0,1019.0
msr,4091.4666666666667,810.0,1019.0
ut,3880.8,811.0,1021.0
ibm,3780.2625000000003,812.0,1022.0
tivoli,3780.2625000000003,812.0,1022.0
code,2922.988095238095,813.0,1024.0
spacetim,2922.988095238095,813.0,1024.0
error,2922.988095238095,813.0,1024.0
comm,2859.690476190476,814.0,1027.0
kermarrec,2838.901666666667,815.0,1028.0
huebsch,2713.75,816.0,1029.0
lanham,2713.75,816.0,1029.0
loo,2713.75,816.0,1029.0
cox,2654.4375,817.0,1032.0
muthitacharoen,2654.4375,817.0,1032.0
kokku,2393.351666666667,818.0,1034.0
sharif,2393.351666666667,818.0,1034.0
httpwwwplanetlaborg,2106.3,819.0,1036.0
chase,1968.0104166666665,820.0,1037.0
schwab,1968.0104166666665,820.0,1037.0
peer,1951.2,821.0,1039.0
fu,1743.0600000000004,822.0,1040.0
aug,1543.595238095238,823.0,1041.0
podc,1543.595238095238,823.0,1041.0
webdb,1496.3142857142857,824.0,1043.0
weidmann,1323.2916666666665,825.0,1044.0
singh,1315.8166666666668,826.0,1045.0
surpris,1205.5333333333333,827.0,1046.0
versa,1147.8500000000001,828.0,1047.0
vice,1147.8500000000001,828.0,1047.0
wan,1105.0285714285715,829.0,1049.0
ive,1021.0666666666666,830.0,1050.0
halevi,1021.0666666666666,830.0,1050.0
rodrig,1021.0666666666666,830.0,1050.0
splitstream,826.35,831.0,1053.0
cooper,826.35,831.0,1053.0
highbandwidth,826.35,831.0,1053.0
stall,308.0,832.0,1056.0
addisonwesley,271.075,833.0,1057.0
banga,241.5,834.0,1058.0
snmpv,137.8125,835.0,1059.0
cmip,137.8125,835.0,1059.0
