Name,IF,IFDenseRank,IFMinRank
path,85341.68990634756,1.0,1.0
contract,84070.02289281998,2.0,2.0
qualiti,83362.62643080125,3.0,3.0
node,81803.32154006243,4.0,4.0
isp,77290.65556711759,5.0,5.0
rout,77203.35171696151,6.0,6.0
network,76486.22476586889,7.0,7.0
monitor,73473.64620187305,8.0,8.0
innov,73275.48387096774,9.0,9.0
data,66705.43600416233,10.0,10.0
requir,61370.470343392306,11.0,11.0
proof,59436.75858480749,12.0,12.0
cheat,58603.9365244537,13.0,13.0
competit,58580.42559833507,14.0,14.0
payment,58506.13943808532,15.0,15.0
time,57354.106139438074,16.0,16.0
rest,57163.35796045785,17.0,17.0
sourc,55523.71592091571,18.0,18.0
punish,55341.87200832466,19.0,19.0
system,54297.38085327783,20.0,20.0
claim,54078.861602497396,21.0,21.0
model,53874.76586888657,22.0,22.0
servic,53485.09573361082,23.0,23.0
hop,53229.15192507804,24.0,24.0
game,52984.01144640998,25.0,25.0
price,51814.43288241415,26.0,26.0
includ,50355.983350676375,27.0,27.0
cheater,49040.274713839746,28.0,28.0
account,48709.26326742976,29.0,29.0
cost,47667.585848074916,30.0,30.0
provid,47641.05098855359,31.0,31.0
equilibrium,47404.31425598334,32.0,32.0
mechan,47244.77003121748,33.0,33.0
support,46762.36732570239,34.0,34.0
show,46114.76170655567,35.0,35.0
design,45037.93548387096,36.0,36.0
inform,44947.65868886576,37.0,37.0
order,44361.590010405824,38.0,38.0
gener,43548.63683662851,39.0,39.0
optim,43477.20083246618,40.0,40.0
make,42941.23413111342,41.0,41.0
lack,41603.60041623309,42.0,42.0
futur,41273.01040582726,43.0,43.0
motiv,41228.17169614984,44.0,44.0
player,41104.68262226847,45.0,45.0
packet,40762.64308012487,46.0,46.0
invest,40418.67845993756,47.0,47.0
internet,40324.8376690947,48.0,48.0
profit,39739.741935483864,49.0,49.0
least,39645.69094693028,50.0,50.0
ropc,38724.18522372529,51.0,51.0
behavior,38686.55150884495,52.0,52.0
give,38452.620187304885,53.0,53.0
characterist,37584.04162330905,54.0,54.0
section,37124.180020811655,55.0,55.0
increas,36898.88657648282,56.0,56.0
call,36857.28407908428,57.0,57.0
commodit,36666.45577523413,58.0,58.0
research,36423.98543184183,59.0,59.0
case,36280.089490114464,60.0,60.0
studi,36020.32882414152,61.0,61.0
end,35975.94276795005,62.0,62.0
long,35862.81581685744,63.0,63.0
select,35676.53798126951,64.0,64.0
flow,35584.38293444328,65.0,65.0
properti,35512.64308012487,66.0,66.0
drop,35337.362122788756,67.0,67.0
creat,35222.709677419356,68.0,68.0
improv,35171.26638917794,69.0,69.0
present,35123.81893860562,70.0,70.0
base,34952.14151925078,71.0,71.0
argu,34914.57440166493,72.0,72.0
verifi,34799.1779396462,73.0,73.0
form,34613.665972944844,74.0,74.0
decis,34276.445369406865,75.0,75.0
algorithm,34215.26638917794,76.0,76.0
result,33978.96982310094,77.0,77.0
destin,33863.62539021852,78.0,78.0
measur,33750.39438085327,79.0,79.0
maintain,33476.33090530697,80.0,80.0
endus,33458.38293444328,81.0,81.0
implement,33221.86056191467,82.0,82.0
mean,33206.08740894901,83.0,83.0
assumpt,32798.8459937565,84.0,84.0
offer,32736.843912591048,85.0,85.0
strategi,32725.211238293443,86.0,86.0
singl,32629.971904266386,87.0,87.0
set,32626.94838709677,88.0,88.0
desir,32324.50676378772,89.0,89.0
observ,32203.020811654525,90.0,90.0
market,32193.814776274714,91.0,91.0
altern,32175.255983350675,92.0,92.0
share,32138.522372528616,93.0,93.0
assum,31878.821019771065,94.0,94.0
high,31816.85744016649,95.0,95.0
lower,31702.592091571278,96.0,96.0
identifi,31425.52029136316,97.0,97.0
suggest,31365.55775234131,98.0,98.0
distribut,31254.243496357958,99.0,99.0
process,31215.192507804368,100.0,100.0
previou,30932.015608740898,101.0,101.0
repres,30720.10752688172,102.0,102.0
protocol,30712.241415192504,103.0,103.0
expect,30634.07596253902,104.0,104.0
reward,30552.91363163371,105.0,105.0
stage,30529.192507804368,106.0,106.0
simpli,30187.379310344826,107.0,107.0
industri,29962.477419354836,108.0,108.0
relat,29859.792114695338,109.0,109.0
firm,29858.441601779752,110.0,110.0
need,29714.946930280956,111.0,111.0
approach,29425.496774193547,112.0,112.0
reason,29402.39334027055,113.0,113.0
patholog,29372.163371488034,114.0,114.0
introduc,29249.8064516129,115.0,115.0
receiv,28972.51196670135,116.0,116.0
appli,28906.451612903224,117.0,117.0
meet,28893.408949011446,118.0,118.0
access,28849.314516129027,119.0,119.0
effect,28731.979977753053,120.0,120.0
import,28720.85359801489,121.0,121.0
institut,28707.02853598015,122.0,122.0
problem,28588.39229968783,123.0,123.0
complic,28586.73419354839,124.0,124.0
lemma,28552.382934443285,125.0,125.0
rop,28278.584807492196,126.0,126.0
hold,28263.535483870965,127.0,127.0
final,28174.618464961066,128.0,128.0
act,28077.252903225806,129.0,129.0
typic,27978.791883454734,130.0,130.0
traffic,27956.95216907675,131.0,131.0
greater,27774.953173777314,132.0,132.0
bilater,27765.02809573361,133.0,133.0
combin,27732.012486992713,134.0,134.0
defin,27696.446409989592,135.0,135.0
ensur,27571.90783410138,136.0,136.0
exchang,27551.225806451614,137.0,137.0
imagin,27549.202150537636,138.0,138.0
demonstr,27485.62330905307,139.0,139.0
temptat,27466.71800208116,140.0,140.0
enforc,27460.44301075269,141.0,141.0
multipl,27414.33032258065,142.0,142.0
propos,27393.53166069295,143.0,143.0
accept,27260.227956989245,144.0,144.0
lead,27184.404894327028,145.0,145.0
deriv,27092.81893860562,146.0,146.0
current,26999.33036707453,147.0,147.0
continu,26990.088987764182,148.0,148.0
number,26955.471383975026,149.0,149.0
condit,26849.15136476427,150.0,150.0
today,26827.650537634407,151.0,151.0
perspect,26721.524453694066,152.0,152.0
analysi,26669.703003337043,153.0,153.0
coalit,26659.31425598335,154.0,154.0
user,26611.377171215878,155.0,155.0
potenti,26564.951612903227,156.0,156.0
actual,26555.906562847613,157.0,157.0
larg,26540.109447004605,158.0,158.0
term,26468.428720083244,159.0,159.0
point,26361.631633714882,160.0,160.0
custom,26341.641824249167,161.0,161.0
reveal,26182.739784946236,162.0,162.0
concept,26079.4901144641,163.0,163.0
allow,26056.23010752688,164.0,164.0
function,26043.387096774193,165.0,165.0
suffici,25998.472424557753,166.0,166.0
incent,25996.232258064516,167.0,167.0
construct,25903.798126951096,168.0,168.0
input,25775.564516129034,169.0,169.0
decreas,25693.74089490114,170.0,170.0
work,25691.188345473467,171.0,171.0
innoc,25670.91212458287,172.0,172.0
solut,25632.19562955255,173.0,173.0
argument,25528.20912124583,174.0,174.0
limit,25327.481290322583,175.0,175.0
find,25316.996129032257,176.0,176.0
reflect,25095.11213517665,177.0,177.0
protecttheinnoc,24904.961498439126,178.0,178.0
econom,24838.826222684704,179.0,179.0
specif,24761.30697190427,180.0,180.0
posit,24722.529032258062,181.0,181.0
poor,24696.030176899065,182.0,182.0
direct,24685.217391304348,183.0,183.0
ee,24514.451612903227,184.0,184.0
neighbor,24514.141935483873,185.0,185.0
occur,24490.095430107525,186.0,186.0
costli,24421.301075268817,187.0,187.0
explor,24351.56711758585,188.0,188.0
full,24351.169354838712,189.0,189.0
interest,24328.010322580645,190.0,190.0
maxim,24324.983314794215,191.0,191.0
possibl,24307.483870967742,192.0,192.0
place,24180.68578255675,193.0,193.0
paper,24172.025806451613,194.0,194.0
ultim,24167.390967741936,195.0,195.0
remain,24155.309139784942,196.0,196.0
fixedrout,24129.45889698231,197.0,197.0
discount,24033.27311827957,198.0,198.0
graph,23989.84427141268,199.0,199.0
difficult,23984.22193548387,200.0,200.0
individu,23949.133333333335,201.0,201.0
experi,23832.762246117083,202.0,202.0
topic,23824.641129032258,203.0,203.0
payoff,23747.233592880977,204.0,204.0
stand,23655.145161290326,205.0,205.0
real,23645.27188940092,206.0,206.0
begin,23616.465949820788,207.0,207.0
label,23558.93951612903,208.0,208.0
correct,23549.477419354836,209.0,209.0
captur,23545.938940092165,210.0,210.0
dimens,23536.165689149562,211.0,211.0
advantag,23536.10138248848,212.0,212.0
net,23503.096774193546,213.0,213.0
threat,23491.32387096774,214.0,214.0
length,23384.35595105673,215.0,215.0
hand,23367.174193548388,216.0,216.0
extra,23356.39400921659,217.0,217.0
similar,23274.27870967742,218.0,218.0
parti,23217.065918653574,219.0,219.0
bound,23106.774193548386,220.0,220.0
featur,23078.919952210275,221.0,221.0
maximum,23049.077658303464,222.0,222.0
connect,23030.451612903227,223.0,223.0
shenker,23025.171215880895,224.0,224.0
block,23009.804147465435,225.0,225.0
addit,22942.654377880186,226.0,226.0
recal,22919.516129032258,227.0,227.0
environ,22918.565072302557,228.0,228.0
detail,22904.91935483871,229.0,229.0
benefit,22879.214076246335,230.0,230.0
local,22871.956618464963,231.0,231.0
output,22815.24805339266,232.0,232.0
level,22793.9021134594,233.0,233.0
type,22749.31797235023,234.0,234.0
al,22742.88306451613,235.0,235.0
proceed,22642.139784946234,236.0,236.0
side,22585.766129032258,237.0,237.0
describ,22581.122828784122,238.0,238.0
hope,22554.227047146403,239.0,239.0
coalitionproof,22413.85639958377,240.0,240.0
util,22338.63870967742,241.0,241.0
suspect,22312.59677419355,242.0,242.0
version,22277.51240694789,243.0,243.0
vector,22266.143057503505,244.0,244.0
discuss,22263.282878411916,245.0,245.0
fix,22165.08134642356,246.0,246.0
relationship,22146.7,247.0,247.0
prc,22089.419354838712,248.0,248.0
build,21929.64055299539,249.0,249.0
welfar,21879.991101223583,250.0,250.0
forc,21873.082437275985,251.0,251.0
past,21811.93548387097,252.0,252.0
address,21809.40860215054,253.0,253.0
focu,21793.283154121862,254.0,254.0
save,21741.232258064516,255.0,255.0
natur,21729.25953079179,256.0,256.0
techniqu,21711.08787541713,257.0,257.0
structur,21676.34482758621,258.0,258.0
depend,21645.645161290326,259.0,259.0
money,21641.975806451614,260.0,260.0
framework,21633.671175858482,261.0,261.0
contribut,21625.06989247312,262.0,262.0
tool,21610.10138248848,263.0,263.0
cleanslat,21601.95806451613,264.0,264.0
normal,21549.731182795695,265.0,265.0
intuit,21515.535483870968,266.0,266.0
determin,21451.884315906565,267.0,267.0
abil,21437.782258064515,268.0,268.0
attent,21386.77419354839,269.0,269.0
suppos,21379.066213921902,270.0,270.0
turn,21328.2054958184,271.0,271.0
control,21308.28817204301,272.0,272.0
dynam,21302.451612903227,273.0,273.0
contrast,21281.861042183627,274.0,274.0
parent,21216.268387096774,275.0,275.0
switch,21135.420757363256,276.0,276.0
figur,21119.466073414904,277.0,277.0
fulli,21096.43870967742,278.0,278.0
polici,21069.889032258066,279.0,279.0
tradit,21043.045840407467,280.0,280.0
pay,20956.995967741936,281.0,281.0
premium,20913.931451612905,282.0,282.0
extent,20874.74347158218,283.0,283.0
compar,20832.967741935485,284.0,284.0
linear,20827.535483870968,285.0,285.0
exist,20818.839822024474,286.0,286.0
complet,20790.13935483871,287.0,287.0
crucial,20771.463343108506,288.0,288.0
report,20736.822580645163,289.0,289.0
familiar,20579.548387096776,290.0,290.0
resourc,20575.77204301075,291.0,291.0
minimum,20573.8,292.0,292.0
prove,20572.15249266862,293.0,293.0
basic,20535.12342215989,294.0,294.0
understand,20522.43010752688,295.0,295.0
issu,20507.62724014337,296.0,296.0
note,20499.43010752688,297.0,297.0
ratnasami,20455.90322580645,298.0,298.0
ideal,20366.90430107527,299.0,299.0
fundament,20365.1,300.0,300.0
extern,20350.363523573204,301.0,301.0
entir,20308.42741935484,302.0,302.0
decid,20304.46859083192,303.0,303.0
expens,20285.646313364057,304.0,304.0
applic,20248.3064516129,305.0,305.0
finit,20241.951612903227,306.0,306.0
higher,20218.412903225806,307.0,307.0
grow,20205.54342431762,308.0,308.0
tell,20086.122580645162,309.0,309.0
total,20084.68100358423,310.0,310.0
court,20045.53609831029,311.0,311.0
oper,20026.075268817203,312.0,312.0
assign,20005.40322580645,313.0,313.0
monetari,19959.397849462366,314.0,314.0
prioriti,19925.369892473118,315.0,315.0
sustain,19896.65806451613,316.0,316.0
statement,19819.59677419355,317.0,317.0
focus,19741.41935483871,318.0,318.0
establish,19711.772903225807,319.0,319.0
word,19702.99888765295,320.0,320.0
insight,19638.451612903227,321.0,321.0
fact,19582.396313364054,322.0,322.0
essenti,19568.27489481066,323.0,323.0
architectur,19554.147849462366,324.0,324.0
leav,19483.980938416425,325.0,325.0
hypothesi,19465.664516129033,326.0,326.0
particip,19434.076804915516,327.0,327.0
spe,19431.736559139787,328.0,328.0
mccann,19391.482630272956,329.0,329.0
ration,19362.459677419352,330.0,330.0
divers,19303.176863181314,331.0,331.0
ad,19301.96415770609,332.0,332.0
gain,19270.655348047538,333.0,333.0
deliber,19240.382647385984,334.0,334.0
introduct,19222.276881720427,335.0,335.0
transit,19211.930875576036,336.0,336.0
administ,19207.214076246335,337.0,337.0
directli,18947.49677419355,338.0,338.0
loos,18945.473684210527,339.0,339.0
world,18872.670967741935,340.0,340.0
task,18846.65806451613,341.0,341.0
equal,18772.85407066052,342.0,342.0
null,18757.6814516129,343.0,343.0
develop,18729.700992555834,344.0,344.0
standard,18623.7688172043,345.0,345.0
draw,18591.322580645163,346.0,346.0
correspond,18586.37419354839,347.0,347.0
distanc,18512.65850945495,348.0,348.0
constrain,18505.119354838713,349.0,349.0
product,18461.777915632756,350.0,350.0
agre,18406.120967741936,351.0,351.0
diagnost,18382.76129032258,352.0,352.0
advertis,18371.466275659826,353.0,353.0
obstacl,18342.122580645162,354.0,354.0
low,18338.511350059736,355.0,355.0
employ,18314.81935483871,356.0,356.0
argyraki,18302.13870967742,357.0,357.0
emerg,18268.445161290325,358.0,358.0
margin,18153.725806451614,359.0,359.0
credibl,18096.130322580644,360.0,360.0
submit,18092.51612903226,361.0,361.0
reli,18054.740591397847,362.0,362.0
agreement,18035.852822580644,363.0,363.0
lowaccount,18022.26523297491,364.0,364.0
compon,18000.78853046595,365.0,365.0
cheaper,17950.565982404696,366.0,366.0
common,17938.629032258064,367.0,367.0
notic,17759.630498533726,368.0,368.0
legal,17738.45577523413,369.0,369.0
busi,17693.97623089983,370.0,370.0
distinguish,17649.615835777127,371.0,371.0
summar,17630.542413381125,372.0,372.0
listen,17611.302729528536,373.0,373.0
phase,17546.661290322583,374.0,374.0
transfer,17504.294354838712,375.0,375.0
comput,17489.749103942653,376.0,376.0
detect,17468.585607940448,377.0,377.0
consist,17345.136774193546,378.0,378.0
space,17337.346041055716,379.0,379.0
repeat,17295.22419354839,380.0,380.0
respons,17293.617511520737,381.0,381.0
feedback,17243.660522273425,382.0,382.0
index,17200.002580645163,383.0,383.0
successor,17190.70288624788,384.0,384.0
abstract,17186.612903225807,385.0,385.0
associ,17179.59932088285,386.0,386.0
secur,17153.290322580644,387.0,387.0
longer,17133.616298811547,388.0,388.0
theoret,17120.568158168575,389.0,389.0
discoveri,17098.440860215054,390.0,390.0
locat,17093.424731182797,391.0,391.0
practic,17034.8220603538,392.0,392.0
tend,17027.11693548387,393.0,393.0
infer,16954.67882187938,394.0,394.0
evolut,16950.58542413381,395.0,395.0
sens,16906.62139219015,396.0,396.0
besteffort,16906.151612903224,397.0,397.0
instanc,16882.870967741936,398.0,398.0
overcom,16854.5376344086,399.0,399.0
implic,16715.93806451613,400.0,400.0
lockin,16690.05837173579,401.0,401.0
similarli,16684.584040747028,402.0,402.0
action,16626.533926585096,403.0,403.0
privat,16623.516129032258,404.0,404.0
critic,16538.104218362285,405.0,405.0
defer,16498.021505376346,406.0,406.0
initi,16491.349276974415,407.0,407.0
differenti,16489.249032258063,408.0,408.0
transpar,16438.83064516129,409.0,409.0
link,16411.875,410.0,410.0
choic,16403.79803646564,411.0,411.0
competitor,16359.28809788654,412.0,412.0
subgam,16334.116796440492,413.0,413.0
distort,16319.810035842294,414.0,414.0
scale,16298.216397849461,415.0,415.0
children,16293.139784946237,416.0,416.0
sequenc,16266.67172675522,417.0,417.0
host,16264.053130929793,418.0,418.0
run,16256.215437788016,419.0,419.0
outflow,16241.362007168458,420.0,420.0
attest,16212.835314091679,421.0,421.0
remov,16166.434634974536,422.0,422.0
caus,16149.449715370018,423.0,423.0
fall,16128.213921901528,424.0,424.0
theori,16031.87200832466,425.0,425.0
start,16020.290322580646,426.0,426.0
farther,16007.898924731182,427.0,427.0
harder,15984.273244781785,428.0,428.0
appendix,15976.16298811545,429.0,429.0
enter,15838.210378681628,430.0,430.0
adopt,15832.505005561736,431.0,431.0
move,15821.37275985663,432.0,432.0
hyperbol,15808.479262672809,433.0,433.0
clark,15800.75268817204,434.0,434.0
imposs,15718.494623655914,435.0,435.0
origin,15702.278592375367,436.0,436.0
rate,15675.04946236559,437.0,437.0
avoid,15673.587096774196,438.0,438.0
pricequ,15644.712482468443,439.0,439.0
stackelberg,15644.712482468443,439.0,439.0
infrastructur,15604.524193548388,440.0,441.0
care,15585.41935483871,441.0,442.0
pass,15560.910815939278,442.0,443.0
pp,15519.243279569893,443.0,444.0
honestli,15498.0,444.0,445.0
speak,15479.463343108506,445.0,446.0
closer,15374.895161290324,446.0,447.0
line,15324.54677419355,447.0,448.0
downstream,15318.047685834503,448.0,449.0
guarante,15296.946236559139,449.0,450.0
amount,15289.434782608694,450.0,451.0
judg,15269.225806451615,451.0,452.0
achiev,15260.654719235363,452.0,453.0
react,15231.940860215054,453.0,454.0
definit,15228.525345622118,454.0,455.0
shown,15201.47719688543,455.0,456.0
agent,15162.632258064517,456.0,457.0
class,15096.51612903226,457.0,458.0
enjoy,15077.189340813464,458.0,459.0
adapt,15057.119544592031,459.0,460.0
member,14965.324046920823,460.0,461.0
strateg,14960.460829493086,461.0,462.0
principl,14891.600614439323,462.0,463.0
remaind,14811.251612903225,463.0,464.0
numer,14793.935483870968,464.0,465.0
evid,14793.851992409867,465.0,466.0
afergan,14774.973886328724,466.0,467.0
properli,14721.672640382316,467.0,468.0
involv,14707.91788856305,468.0,469.0
write,14700.298924731183,469.0,470.0
eec,14697.677419354839,470.0,471.0
rang,14636.363636363636,471.0,472.0
degre,14600.392706872368,472.0,473.0
period,14599.673835125446,473.0,474.0
reach,14597.385694249651,474.0,475.0
spend,14596.354838709678,475.0,476.0
offend,14558.571428571428,476.0,477.0
keep,14509.933870967745,477.0,478.0
pure,14473.951612903225,478.0,479.0
clear,14461.303519061586,479.0,480.0
incomplet,14443.561290322583,480.0,481.0
bargain,14418.580645161292,481.0,482.0
opportun,14396.041935483874,482.0,483.0
firstbest,14394.75053763441,483.0,484.0
sourcedestin,14377.80241935484,484.0,485.0
pair,14377.80241935484,484.0,485.0
jitter,14376.835904628331,485.0,487.0
resolv,14357.99283154122,486.0,488.0
read,14344.354838709678,487.0,489.0
yield,14262.27208976157,488.0,490.0
award,14253.996774193549,489.0,491.0
alias,14245.681451612903,490.0,492.0
echo,14231.761786600498,491.0,493.0
wroclawski,14191.68970814132,492.0,494.0
prescrib,14150.995792426369,493.0,495.0
straightforward,14143.32419354839,494.0,496.0
interpret,14129.030791788857,495.0,497.0
ropv,14109.462365591397,496.0,498.0
eev,14109.462365591397,496.0,498.0
oppos,14108.580645161292,497.0,500.0
alter,14094.612903225807,498.0,501.0
intermedi,14091.612903225807,499.0,502.0
question,14044.594086021503,500.0,503.0
rerout,14040.16129032258,501.0,504.0
happen,14020.08064516129,502.0,505.0
mediat,14009.238709677418,503.0,506.0
substanti,13972.597722960152,504.0,507.0
burden,13958.14677419355,505.0,508.0
easi,13928.479262672809,506.0,509.0
compens,13863.15789473684,507.0,510.0
convinc,13849.017077798862,508.0,511.0
affect,13837.811059907834,509.0,512.0
visibl,13777.360531309298,510.0,513.0
spathc,13771.99385560676,511.0,514.0
pretend,13754.982078853047,512.0,515.0
acm,13744.223908918408,513.0,516.0
sigcomm,13744.223908918408,513.0,516.0
vcg,13623.8431085044,514.0,518.0
relev,13557.345161290323,515.0,519.0
invent,13547.401759530794,516.0,520.0
arrang,13508.193548387097,517.0,521.0
satisfi,13480.665130568357,518.0,522.0
chang,13407.725806451614,519.0,523.0
sudden,13397.498759305212,520.0,524.0
highli,13369.209677419356,521.0,525.0
induct,13359.15835777126,522.0,526.0
lie,13314.435483870968,523.0,527.0
lowest,13307.979838709678,524.0,528.0
prison,13221.747497219132,525.0,529.0
dilemma,13221.747497219132,525.0,529.0
tempt,13200.870967741936,526.0,531.0
instantan,13164.198387096774,527.0,532.0
made,13146.965949820788,528.0,533.0
qualitybas,13110.31029185868,529.0,534.0
feasibl,13074.726507713884,530.0,535.0
quo,13009.58525345622,531.0,536.0
statu,13009.58525345622,531.0,536.0
send,12981.147265077137,532.0,538.0
damag,12966.350631136045,533.0,539.0
proce,12953.341935483872,534.0,540.0
conclud,12934.949944382646,535.0,541.0
schemat,12866.854838709678,536.0,542.0
perform,12864.370266479664,537.0,543.0
cheapest,12863.38064516129,538.0,544.0
incorpor,12859.122580645162,539.0,545.0
restrict,12838.129032258066,540.0,546.0
sourcebas,12832.189753320685,541.0,547.0
choos,12818.175750834262,542.0,548.0
lowestcost,12750.266666666666,543.0,549.0
nowherecommodit,12743.675268817206,544.0,550.0
wrong,12727.08870967742,545.0,551.0
formal,12707.047830923248,546.0,552.0
pj,12699.462365591397,547.0,553.0
resum,12678.62998102467,548.0,554.0
exponenti,12586.898263027297,549.0,555.0
infocom,12545.454545454546,550.0,556.0
ieee,12545.454545454546,550.0,556.0
realism,12508.651026392961,551.0,558.0
regard,12468.427769985974,552.0,559.0
simpl,12438.564516129032,553.0,560.0
favor,12369.237903225805,554.0,561.0
ineffect,12287.27311827957,555.0,562.0
knowledg,12255.197132616486,556.0,563.0
gi,12252.604838709678,557.0,564.0
recogn,12250.732718894009,558.0,565.0
equip,12204.162903225808,559.0,566.0
success,12192.642771804063,560.0,567.0
corollari,12164.564516129032,561.0,568.0
extrem,12160.385398981325,562.0,569.0
monopoli,12160.385398981325,562.0,569.0
reader,12116.661290322581,563.0,571.0
guilti,12114.801843317971,564.0,572.0
impos,12112.302558398222,565.0,573.0
top,12082.116129032258,566.0,574.0
highlevel,12078.033794162826,567.0,575.0
opposit,12068.533724340175,568.0,576.0
adjac,11985.25483870968,569.0,577.0
event,11984.791397849462,570.0,578.0
fault,11953.09677419355,571.0,579.0
ppd,11940.565756823824,572.0,580.0
wont,11924.005376344085,573.0,581.0
respond,11879.032258064515,574.0,582.0
anticompetit,11816.487096774195,575.0,583.0
factor,11810.847034339231,576.0,584.0
thought,11784.441290322582,577.0,585.0
compli,11778.845500848896,578.0,586.0
signific,11769.684587813621,579.0,587.0
true,11760.051612903226,580.0,588.0
intern,11722.262365591398,581.0,589.0
varieti,11709.032258064515,582.0,590.0
leverag,11638.909199522102,583.0,591.0
unimport,11579.225806451614,584.0,592.0
target,11519.664071190211,585.0,593.0
adequ,11489.696029776675,586.0,594.0
np,11431.886021505376,587.0,595.0
pn,11431.886021505376,587.0,595.0
deliv,11421.677419354837,588.0,597.0
way,11416.546489563567,589.0,598.0
forward,11339.932258064517,590.0,599.0
wellknown,11297.385902031061,591.0,600.0
effici,11241.634897360704,592.0,601.0
commit,11193.82889200561,593.0,602.0
align,11180.675029868577,594.0,603.0
caught,11135.247311827954,595.0,604.0
method,11053.18035190616,596.0,605.0
nonneg,11042.509454949944,597.0,606.0
transmiss,11012.179966044143,598.0,607.0
complementari,10970.674193548386,599.0,608.0
fairli,10954.666666666666,600.0,609.0
unabl,10949.974193548387,601.0,610.0
probabl,10861.75175315568,602.0,611.0
loss,10861.75175315568,602.0,611.0
illicit,10856.467741935483,603.0,613.0
congest,10855.188172043012,604.0,614.0
sd,10844.651612903228,605.0,615.0
trivial,10838.501240694792,606.0,616.0
degrad,10833.494239631334,607.0,617.0
author,10798.662139219014,608.0,618.0
learn,10794.943074003797,609.0,619.0
edg,10773.130929791272,610.0,620.0
concern,10773.130929791272,610.0,620.0
bad,10679.060721062617,611.0,622.0
tariff,10655.024577572964,612.0,623.0
charg,10645.178494623655,613.0,624.0
press,10621.726574500768,614.0,625.0
essenc,10597.726755218218,615.0,626.0
horizont,10575.604838709678,616.0,627.0
suffer,10556.893667861408,617.0,628.0
difficulti,10516.57862903226,618.0,629.0
judgment,10514.049335863378,619.0,630.0
cooper,10489.191532258064,620.0,631.0
plan,10489.191532258064,620.0,631.0
bit,10480.826164874552,621.0,633.0
ln,10470.389321468298,622.0,634.0
elimin,10456.366223908917,623.0,635.0
arbitrari,10420.274894810658,624.0,636.0
fertil,10416.903225806453,625.0,637.0
element,10357.996415770609,626.0,638.0
promin,10357.996415770609,626.0,638.0
qqi,10325.459057071961,627.0,640.0
ignor,10324.28083491461,628.0,641.0
js,10286.786600496278,629.0,642.0
capabl,10284.368817204302,630.0,643.0
ns,10272.258064516129,631.0,644.0
signal,10240.788530465948,632.0,645.0
varian,10226.899830220713,633.0,646.0
devic,10219.310035842293,634.0,647.0
notion,10166.18100358423,635.0,648.0
collect,10165.8935483871,636.0,649.0
ncc,10157.739454094295,637.0,650.0
ccququ,10157.574952561668,638.0,651.0
lq,10157.574952561668,638.0,651.0
wed,10080.870967741936,639.0,653.0
unconvent,9997.14193548387,640.0,654.0
fit,9963.860215053763,641.0,655.0
worth,9950.407258064517,642.0,656.0
compel,9950.407258064517,642.0,656.0
earn,9946.435483870968,643.0,658.0
ey,9946.435483870968,643.0,658.0
attract,9912.53870967742,644.0,660.0
aspir,9911.485273492286,645.0,661.0
doesnt,9894.50134408602,646.0,662.0
machin,9864.71612903226,647.0,663.0
negoti,9864.71612903226,647.0,663.0
refer,9847.001112347052,648.0,665.0
nj,9827.528751753156,649.0,666.0
complain,9812.102639296188,650.0,667.0
lp,9807.003456221197,651.0,668.0
elicit,9762.677419354839,652.0,669.0
view,9762.677419354839,652.0,669.0
dimension,9626.286021505377,653.0,671.0
accomplish,9626.037950664137,654.0,672.0
qqq,9597.364764267992,655.0,673.0
converg,9586.67172675522,656.0,674.0
protect,9546.376344086022,657.0,675.0
penultim,9515.58986175115,658.0,676.0
stress,9498.187855787477,659.0,677.0
broadli,9475.994623655914,660.0,678.0
buy,9475.994623655914,660.0,678.0
envis,9441.915632754344,661.0,680.0
benign,9408.290322580646,662.0,681.0
trigger,9399.867630700779,663.0,682.0
permit,9395.361629881154,664.0,683.0
effort,9395.361629881154,664.0,683.0
influenc,9389.706555671175,665.0,685.0
list,9377.923387096775,666.0,686.0
dictat,9334.67172675522,667.0,687.0
clearest,9316.0,668.0,688.0
area,9286.821631878558,669.0,689.0
invis,9244.73732718894,670.0,690.0
invari,9244.73732718894,670.0,690.0
albeit,9234.551971326164,671.0,692.0
simplifi,9218.322580645163,672.0,693.0
conspir,9218.322580645163,672.0,693.0
resist,9203.761051373955,673.0,695.0
technolog,9196.774193548386,674.0,696.0
poorli,9155.668930390491,675.0,697.0
understood,9155.668930390491,675.0,697.0
criteria,9149.95564516129,676.0,699.0
subscript,9149.95564516129,676.0,699.0
principleag,9145.102639296188,677.0,701.0
field,9145.102639296188,677.0,701.0
awar,9126.568914956011,678.0,703.0
unlik,9126.568914956011,678.0,703.0
weakest,9083.225806451614,679.0,705.0
weaker,9021.935483870968,680.0,706.0
obituari,9019.721561969438,681.0,707.0
workshop,8983.848197343454,682.0,708.0
prior,8983.83870967742,683.0,709.0
prompt,8936.561669829222,684.0,710.0
hopbyhop,8913.329032258065,685.0,711.0
endtoend,8913.329032258065,685.0,711.0
main,8910.126227208977,686.0,713.0
take,8907.37181663837,687.0,714.0
pmin,8892.580645161292,688.0,715.0
ji,8892.580645161292,688.0,715.0
tendenc,8892.580645161292,688.0,715.0
multicast,8870.806451612903,689.0,718.0
rich,8865.225806451612,690.0,719.0
expos,8865.225806451612,690.0,719.0
unprofit,8849.266129032258,691.0,721.0
nice,8838.733137829913,692.0,722.0
sure,8819.690702087286,693.0,723.0
importantli,8819.690702087286,693.0,723.0
physic,8809.70588235294,694.0,725.0
meter,8809.70588235294,694.0,725.0
preliminari,8806.5,695.0,727.0
styliz,8806.5,695.0,727.0
consid,8806.5,695.0,727.0
nn,8784.244039270687,696.0,730.0
revis,8782.129032258064,697.0,731.0
august,8759.026565464897,698.0,732.0
social,8743.479708636836,699.0,733.0
inflow,8727.424731182795,700.0,734.0
precis,8699.348387096774,701.0,735.0
relax,8699.348387096774,701.0,735.0
primit,8697.866188769412,702.0,737.0
activ,8614.985111662532,703.0,738.0
drawback,8611.354838709678,704.0,739.0
contractu,8606.561290322581,705.0,740.0
oblig,8606.561290322581,705.0,740.0
earliest,8520.733870967742,706.0,742.0
peer,8511.729032258065,707.0,743.0
treat,8491.587096774196,708.0,744.0
fresh,8465.273344651952,709.0,745.0
public,8457.77988614801,710.0,746.0
arriv,8432.5,711.0,747.0
tunnel,8421.032258064517,712.0,748.0
anycast,8421.032258064517,712.0,748.0
idea,8410.870967741936,713.0,750.0
mind,8393.557603686635,714.0,751.0
counterexampl,8393.557603686635,714.0,751.0
travers,8357.771260997068,715.0,753.0
easier,8353.501935483871,716.0,754.0
compet,8348.790322580644,717.0,755.0
perflow,8326.612903225807,718.0,756.0
plausibl,8326.612903225807,718.0,756.0
categori,8314.726326742977,719.0,758.0
wait,8299.52688172043,720.0,759.0
exclus,8287.861042183624,721.0,760.0
binari,8283.573200992556,722.0,761.0
univers,8257.58064516129,723.0,762.0
root,8252.12523719165,724.0,763.0
trait,8252.12523719165,724.0,763.0
recurs,8245.16129032258,725.0,765.0
mackiemason,8225.264855687607,726.0,766.0
infinit,8219.654377880184,727.0,767.0
absorb,8219.654377880184,727.0,767.0
deploy,8201.905376344086,728.0,769.0
pressur,8175.4838709677415,729.0,770.0
weak,8158.354838709678,730.0,771.0
necessarili,8155.943899018233,731.0,772.0
nvvv,8147.0161290322585,732.0,773.0
weaken,8140.853046594982,733.0,774.0
return,8133.8885630498535,734.0,775.0
notat,8115.860215053764,735.0,776.0
dpcp,8111.876344086021,736.0,777.0
ijii,8111.876344086021,736.0,777.0
popular,8092.930390492359,737.0,779.0
troubl,8060.838709677419,738.0,780.0
ed,8028.225806451613,739.0,781.0
contrari,8023.915461624026,740.0,782.0
compromis,8023.915461624026,740.0,782.0
driven,8022.636746143057,741.0,784.0
nt,8007.699751861043,742.0,785.0
rearrang,7992.079569892473,743.0,786.0
exceed,7979.50293255132,744.0,787.0
intervent,7960.43010752688,745.0,788.0
huston,7949.922580645162,746.0,789.0
bribe,7945.448028673834,747.0,790.0
serv,7905.9870967741945,748.0,791.0
exclud,7896.521505376343,749.0,792.0
illeg,7882.712903225806,750.0,793.0
polic,7882.712903225806,750.0,793.0
govern,7873.0205278592375,751.0,795.0
pathjq,7851.98316970547,752.0,796.0
pcqqujlv,7851.98316970547,752.0,796.0
nll,7851.98316970547,752.0,796.0
ql,7851.98316970547,752.0,796.0
defector,7851.1612903225805,753.0,800.0
truth,7848.1821631878565,754.0,801.0
faster,7829.5856079404475,755.0,802.0
lowestpric,7828.963133640553,756.0,803.0
advanc,7796.58357771261,757.0,804.0
redund,7736.0,758.0,805.0
languag,7703.825806451614,759.0,806.0
close,7694.722873900293,760.0,807.0
stricter,7686.348973607038,761.0,808.0
travel,7679.854838709677,762.0,809.0
allevi,7672.889643463498,763.0,810.0
lost,7666.24193548387,764.0,811.0
cancel,7666.24193548387,764.0,811.0
largescal,7612.7483870967735,765.0,813.0
unclear,7612.7483870967735,765.0,813.0
sp,7611.556451612903,766.0,815.0
briefli,7595.70564516129,767.0,816.0
complex,7591.225806451613,768.0,817.0
undefin,7575.043988269796,769.0,818.0
upstream,7562.854838709677,770.0,819.0
prefer,7562.854838709677,770.0,819.0
neglect,7562.138248847926,771.0,821.0
specul,7554.981566820276,772.0,822.0
feigenbaum,7554.654121863799,773.0,823.0
sharp,7554.448680351907,774.0,824.0
character,7508.317741935484,775.0,825.0
shop,7508.317741935484,775.0,825.0
prevail,7496.876344086021,776.0,827.0
dispos,7496.876344086021,776.0,827.0
plethora,7496.876344086021,776.0,827.0
induc,7476.892005610098,777.0,830.0
extend,7476.892005610098,777.0,830.0
partial,7476.892005610098,777.0,830.0
acycl,7459.169705469846,778.0,833.0
nv,7459.169705469846,778.0,833.0
basi,7447.67311827957,779.0,835.0
qu,7442.345021037868,780.0,836.0
small,7419.637374860957,781.0,837.0
surpris,7401.652605459059,782.0,838.0
counter,7378.907834101382,783.0,839.0
box,7378.907834101382,783.0,839.0
pandora,7378.907834101382,783.0,839.0
open,7378.907834101382,783.0,839.0
vein,7361.597623089982,784.0,843.0
project,7341.410557184751,785.0,844.0
subspac,7341.410557184751,785.0,844.0
qm,7341.410557184751,785.0,844.0
mqm,7341.410557184751,785.0,844.0
preced,7340.433179723502,786.0,848.0
lose,7340.433179723502,786.0,848.0
counterpart,7327.551612903227,787.0,850.0
constant,7324.981324278438,788.0,851.0
met,7324.981324278438,788.0,851.0
highqual,7301.075268817204,789.0,853.0
secret,7265.588089330026,790.0,854.0
loop,7180.443932411674,791.0,855.0
pattern,7180.443932411674,791.0,855.0
rule,7177.038123167155,792.0,857.0
literatur,7167.268817204302,793.0,858.0
topolog,7167.268817204302,793.0,858.0
presenc,7167.268817204302,793.0,858.0
malici,7163.719688542826,794.0,861.0
misbehavior,7106.625806451614,795.0,862.0
matter,7090.741935483871,796.0,863.0
compani,7090.741935483871,796.0,863.0
respect,7065.360215053764,797.0,865.0
lowcost,7047.741935483869,798.0,866.0
stronger,7047.741935483869,798.0,866.0
rp,7042.064516129033,799.0,868.0
situat,7031.702233250621,800.0,869.0
organ,7023.687096774194,801.0,870.0
collus,6988.436432637572,802.0,871.0
repetit,6988.436432637572,802.0,871.0
sell,6959.416129032257,803.0,873.0
fast,6917.233250620347,804.0,874.0
exemplifi,6908.297113752122,805.0,875.0
accompani,6905.05935483871,806.0,876.0
string,6905.05935483871,806.0,876.0
laskowski,6850.73596176822,807.0,878.0
john,6850.73596176822,807.0,878.0
destruct,6850.73596176822,807.0,878.0
microlevel,6850.702087286527,808.0,881.0
philosophi,6792.4497153700195,809.0,882.0
year,6740.481973434536,810.0,883.0
marketclear,6715.716468590831,811.0,884.0
bid,6715.716468590831,811.0,884.0
guidanc,6696.184183142559,812.0,886.0
constitut,6696.184183142559,812.0,886.0
forwardlook,6675.345622119816,813.0,888.0
minimumargu,6661.245441795231,814.0,889.0
static,6606.532258064517,815.0,890.0
eleg,6606.532258064517,815.0,890.0
couldnt,6584.72688172043,816.0,892.0
liber,6569.505376344086,817.0,893.0
empow,6534.774193548387,818.0,894.0
search,6464.5016129032265,819.0,895.0
nlv,6454.256952169077,820.0,896.0
benefici,6447.496774193549,821.0,897.0
detriment,6447.496774193549,821.0,897.0
extens,6424.593052109181,822.0,899.0
preval,6415.8,823.0,900.0
pin,6386.185958254269,824.0,901.0
jurisdict,6384.222873900293,825.0,902.0
foundat,6343.568760611205,826.0,903.0
yi,6312.040860215054,827.0,904.0
ip,6308.689516129032,828.0,905.0
shun,6301.666666666666,829.0,906.0
smaller,6301.666666666666,829.0,906.0
vast,6235.0521091811415,830.0,908.0
major,6235.0521091811415,830.0,908.0
vertic,6214.760080645161,831.0,910.0
throttl,6209.606451612903,832.0,911.0
back,6209.606451612903,832.0,911.0
tcp,6209.606451612903,832.0,911.0
chosen,6209.451612903225,833.0,914.0
ratio,6200.439882697947,834.0,915.0
iiy,6200.439882697947,834.0,915.0
probabilist,6190.306451612903,835.0,917.0
conjectur,6186.56935483871,836.0,918.0
led,6186.56935483871,836.0,918.0
knlvpcpknlvnlv,6121.7806451612905,837.0,920.0
nknn,6121.7806451612905,837.0,920.0
srikant,6112.99677419355,838.0,922.0
shakkottai,6112.99677419355,838.0,922.0
hot,6108.7841191067,839.0,924.0
hotnet,6108.7841191067,839.0,924.0
novemb,6108.7841191067,839.0,924.0
implicitli,6096.938416422287,840.0,927.0
equival,6030.087286527514,841.0,928.0
deduc,6030.087286527514,841.0,928.0
excit,6021.755760368663,842.0,930.0
scienc,5956.737773152965,843.0,931.0
deep,5933.447311827957,844.0,932.0
pursu,5933.447311827957,844.0,932.0
special,5927.685483870968,845.0,934.0
spot,5927.685483870968,845.0,934.0
explicitli,5882.125237191651,846.0,936.0
encod,5882.125237191651,846.0,936.0
goal,5851.157495256167,847.0,938.0
anticip,5823.580645161291,848.0,939.0
valuabl,5823.580645161291,848.0,939.0
devot,5800.987593052109,849.0,941.0
divert,5789.620071684587,850.0,942.0
object,5784.193548387097,851.0,943.0
behav,5784.193548387097,851.0,943.0
increment,5784.193548387097,851.0,943.0
challeng,5702.932258064517,852.0,946.0
knlv,5698.848720800889,853.0,947.0
dont,5698.848720800889,853.0,947.0
ipv,5665.5255376344085,854.0,949.0
intserv,5665.5255376344085,854.0,949.0
diffserv,5665.5255376344085,854.0,949.0
deepen,5552.290322580645,855.0,952.0
mathemat,5525.184139784946,856.0,953.0
retransmit,5431.34724857685,857.0,954.0
seek,5306.854838709677,858.0,955.0
disput,5235.307917888563,859.0,956.0
worri,5235.307917888563,859.0,956.0
unexplor,5201.476280834914,860.0,958.0
bgpbase,5077.275268817205,861.0,959.0
sami,5077.275268817205,861.0,959.0
papadimitri,5077.275268817205,861.0,959.0
militari,5058.764516129033,862.0,962.0
context,5058.764516129033,862.0,962.0
commerci,5058.764516129033,862.0,962.0
rel,5025.3396584440225,863.0,965.0
merit,5025.3396584440225,863.0,965.0
incentivebas,5022.66862170088,864.0,967.0
aspect,4788.645161290322,865.0,968.0
computercommun,4788.645161290322,865.0,968.0
subject,4788.645161290322,865.0,968.0
code,4726.8387096774195,866.0,971.0
fail,4726.8387096774195,866.0,971.0
recent,4726.8387096774195,866.0,971.0
decad,4726.8387096774195,866.0,971.0
router,4726.8387096774195,866.0,971.0
convey,4696.193548387097,867.0,976.0
tracerout,4683.836693548387,868.0,977.0
ping,4683.836693548387,868.0,977.0
omit,4683.683870967742,869.0,979.0
conclus,4681.096774193548,870.0,980.0
impact,4681.096774193548,870.0,980.0
cambridg,4665.74623655914,871.0,982.0
constraint,4645.672811059907,872.0,983.0
cheriton,4594.229601518026,873.0,984.0
maniati,4594.229601518026,873.0,984.0
costminim,4535.415770609319,874.0,986.0
central,4535.415770609319,874.0,986.0
intract,4527.129032258064,875.0,988.0
sympathet,4527.129032258064,875.0,988.0
darpa,4321.440860215053,876.0,990.0
predict,3938.1290322580644,877.0,991.0
volit,3938.1290322580644,877.0,991.0
drive,3937.131513647643,878.0,993.0
fate,3861.1290322580644,879.0,994.0
explain,3861.1290322580644,879.0,994.0
probe,3861.1290322580644,879.0,994.0
calculu,3706.365591397849,880.0,997.0
keller,3423.815668202765,881.0,998.0
cliff,3129.3306451612902,882.0,999.0
prenticehal,3129.3306451612902,882.0,999.0
overlay,2492.709677419355,883.0,1001.0
zhang,2492.709677419355,883.0,1001.0
liu,2492.709677419355,883.0,1001.0
gong,2492.709677419355,883.0,1001.0
towsley,2492.709677419355,883.0,1001.0
braden,1708.9354838709678,884.0,1006.0
cyberspac,1708.9354838709678,884.0,1006.0
sollin,1708.9354838709678,884.0,1006.0
tomorrow,1708.9354838709678,884.0,1006.0
babaioff,1491.9864176570456,885.0,1010.0
comment,1491.9864176570456,885.0,1010.0
sylvia,1491.9864176570456,885.0,1010.0
scott,1491.9864176570456,885.0,1010.0
review,1491.9864176570456,885.0,1010.0
ani,1491.9864176570456,885.0,1010.0
itr,1491.9864176570456,885.0,1010.0
part,1491.9864176570456,885.0,1010.0
anonym,1491.9864176570456,885.0,1010.0
hal,1491.9864176570456,885.0,1010.0
jen,1491.9864176570456,885.0,1010.0
interconnect,1331.0752688172042,886.0,1021.0
right,1202.6182795698924,887.0,1022.0
dangnguyen,1202.6182795698924,887.0,1022.0
behaviour,1202.6182795698924,887.0,1022.0
pnard,1202.6182795698924,887.0,1022.0
jm,992.6741935483872,888.0,1026.0
brousseau,992.6741935483872,888.0,1026.0
settlement,218.75806451612902,889.0,1028.0
